0.000000 2.000000
0.010000 2.010151
0.020000 2.020404
0.030000 2.030761
0.040000 2.041221
0.050000 2.051786
0.060000 2.062458
0.070000 2.073237
0.080000 2.084124
0.090000 2.095121
0.100000 2.106228
0.110000 2.117447
0.120000 2.128778
0.130000 2.140224
0.140000 2.151784
0.150000 2.163461
0.160000 2.175255
0.170000 2.187167
0.180000 2.199199
0.190000 2.211353
0.200000 2.223628
0.210000 2.236027
0.220000 2.248550
0.230000 2.261199
0.240000 2.273975
0.250000 2.286880
0.260000 2.299914
0.270000 2.313080
0.280000 2.326377
0.290000 2.339809
0.300000 2.353375
0.310000 2.367078
0.320000 2.380918
0.330000 2.394897
0.340000 2.409017
0.350000 2.423279
0.360000 2.437684
0.370000 2.452234
0.380000 2.466931
0.390000 2.481775
0.400000 2.496768
0.410000 2.511911
0.420000 2.527207
0.430000 2.542657
0.440000 2.558262
0.450000 2.574024
0.460000 2.589944
0.470000 2.606024
0.480000 2.622266
0.490000 2.638671
0.500000 2.655241
0.510000 2.671977
0.520000 2.688882
0.530000 2.705957
0.540000 2.723203
0.550000 2.740622
0.560000 2.758217
0.570000 2.775988
0.580000 2.793938
0.590000 2.812069
0.600000 2.830381
0.610000 2.848878
0.620000 2.867560
0.630000 2.886431
0.640000 2.905491
0.650000 2.924742
0.660000 2.944187
0.670000 2.963828
0.680000 2.983665
0.690000 3.003703
0.700000 3.023941
0.710000 3.044383
0.720000 3.065030
0.730000 3.085885
0.740000 3.106950
0.750000 3.128226
0.760000 3.149716
0.770000 3.171422
0.780000 3.193346
0.790000 3.215491
0.800000 3.237858
0.810000 3.260450
0.820000 3.283269
0.830000 3.306317
0.840000 3.329597
0.850000 3.353111
0.860000 3.376861
0.870000 3.400850
0.880000 3.425079
0.890000 3.449553
0.900000 3.474272
0.910000 3.499240
0.920000 3.524459
0.930000 3.549931
0.940000 3.575659
0.950000 3.601646
0.960000 3.627894
0.970000 3.654406
0.980000 3.681184
0.990000 3.708232
1.000000 3.735551
1.010000 3.763145
1.020000 3.791016
1.030000 3.819167
1.040000 3.847601
1.050000 3.876321
1.060000 3.905329
1.070000 3.934629
1.080000 3.964224
1.090000 3.994116
1.100000 4.024308
1.110000 4.054804
1.120000 4.085606
1.130000 4.116718
1.140000 4.148143
1.150000 4.179883
1.160000 4.211942
1.170000 4.244324
1.180000 4.277031
1.190000 4.310067
1.200000 4.343434
1.210000 4.377138
1.220000 4.411179
1.230000 4.445563
1.240000 4.480293
1.250000 4.515371
1.260000 4.550802
1.270000 4.586590
1.280000 4.622736
1.290000 4.659247
1.300000 4.696124
1.310000 4.733371
1.320000 4.770993
1.330000 4.808993
1.340000 4.847375
1.350000 4.886143
1.360000 4.925301
1.370000 4.964851
1.380000 5.004800
1.390000 5.045150
1.400000 5.085905
1.410000 5.127070
1.420000 5.168649
1.430000 5.210646
1.440000 5.253064
1.450000 5.295909
1.460000 5.339185
1.470000 5.382896
1.480000 5.427045
1.490000 5.471639
1.500000 5.516681
1.510000 5.562175
1.520000 5.608127
1.530000 5.654540
1.540000 5.701420
1.550000 5.748771
1.560000 5.796598
1.570000 5.844906
1.580000 5.893699
1.590000 5.942982
1.600000 5.992761
1.610000 6.043040
1.620000 6.093825
1.630000 6.145119
1.640000 6.196930
1.650000 6.249261
1.660000 6.302118
1.670000 6.355506
1.680000 6.409431
1.690000 6.463897
1.700000 6.518911
1.710000 6.574478
1.720000 6.630604
1.730000 6.687293
1.740000 6.744553
1.750000 6.802387
1.760000 6.860803
1.770000 6.919806
1.780000 6.979402
1.790000 7.039597
1.800000 7.100397
1.810000 7.161808
1.820000 7.223836
1.830000 7.286488
1.840000 7.349769
1.850000 7.413687
1.860000 7.478246
1.870000 7.543455
1.880000 7.609319
1.890000 7.675844
1.900000 7.743039
1.910000 7.810908
1.920000 7.879460
1.930000 7.948701
1.940000 8.018637
1.950000 8.089277
1.960000 8.160626
1.970000 8.232693
1.980000 8.305484
1.990000 8.379006
2.000000 8.453267
2.010000 8.528275
2.020000 8.604036
2.030000 8.680559
2.040000 8.757851
2.050000 8.835920
2.060000 8.914773
2.070000 8.994419
2.080000 9.074865
2.090000 9.156120
2.100000 9.238191
2.110000 9.321087
2.120000 9.404817
2.130000 9.489387
2.140000 9.574808
2.150000 9.661087
2.160000 9.748234
2.170000 9.836256
2.180000 9.925163
2.190000 10.014963
2.200000 10.105666
2.210000 10.197281
2.220000 10.289816
2.230000 10.383281
2.240000 10.477686
2.250000 10.573039
2.260000 10.669351
2.270000 10.766630
2.280000 10.864888
2.290000 10.964132
2.300000 11.064374
2.310000 11.165624
2.320000 11.267891
2.330000 11.371186
2.340000 11.475520
2.350000 11.580901
2.360000 11.687342
2.370000 11.794853
2.380000 11.903444
2.390000 12.013126
2.400000 12.123911
2.410000 12.235809
2.420000 12.348832
2.430000 12.462991
2.440000 12.578297
2.450000 12.694761
2.460000 12.812397
2.470000 12.931214
2.480000 13.051226
2.490000 13.172444
2.500000 13.294880
2.510000 13.418546
2.520000 13.543456
2.530000 13.669621
2.540000 13.797054
2.550000 13.925767
2.560000 14.055774
2.570000 14.187088
2.580000 14.319721
2.590000 14.453688
2.600000 14.589001
2.610000 14.725673
2.620000 14.863720
2.630000 15.003153
2.640000 15.143988
2.650000 15.286239
2.660000 15.429919
2.670000 15.575043
2.680000 15.721626
2.690000 15.869682
2.700000 16.019225
2.710000 16.170272
2.720000 16.322837
2.730000 16.476935
2.740000 16.632582
2.750000 16.789793
2.760000 16.948584
2.770000 17.108971
2.780000 17.270970
2.790000 17.434597
2.800000 17.599868
2.810000 17.766801
2.820000 17.935411
2.830000 18.105715
2.840000 18.277732
2.850000 18.451477
2.860000 18.626968
2.870000 18.804223
2.880000 18.983259
2.890000 19.164095
2.900000 19.346748
2.910000 19.531237
2.920000 19.717580
2.930000 19.905796
2.940000 20.095904
2.950000 20.287922
2.960000 20.481869
2.970000 20.677766
2.980000 20.875632
2.990000 21.075487
3.000000 21.277350
3.010000 21.481242
3.020000 21.687182
3.030000 21.895193
3.040000 22.105294
3.050000 22.317507
3.060000 22.531853
3.070000 22.748352
3.080000 22.967028
3.090000 23.187901
3.100000 23.410994
3.110000 23.636329
3.120000 23.863929
3.130000 24.093817
3.140000 24.326014
3.150000 24.560546
3.160000 24.797434
3.170000 25.036703
3.180000 25.278377
3.190000 25.522480
3.200000 25.769036
3.210000 26.018070
3.220000 26.269607
3.230000 26.523672
3.240000 26.780290
3.250000 27.039487
3.260000 27.301289
3.270000 27.565723
3.280000 27.832813
3.290000 28.102589
3.300000 28.375075
3.310000 28.650300
3.320000 28.928292
3.330000 29.209077
3.340000 29.492683
3.350000 29.779141
3.360000 30.068477
3.370000 30.360721
3.380000 30.655902
3.390000 30.954050
3.400000 31.255194
3.410000 31.559365
3.420000 31.866593
3.430000 32.176908
3.440000 32.490342
3.450000 32.806926
3.460000 33.126692
3.470000 33.449672
3.480000 33.775898
3.490000 34.105402
3.500000 34.438218
3.510000 34.774378
3.520000 35.113917
3.530000 35.456869
3.540000 35.803267
3.550000 36.153147
3.560000 36.506543
3.570000 36.863491
3.580000 37.224026
3.590000 37.588184
3.600000 37.956003
3.610000 38.327518
3.620000 38.702766
3.630000 39.081787
3.640000 39.464616
3.650000 39.851293
3.660000 40.241856
3.670000 40.636344
3.680000 41.034797
3.690000 41.437254
3.700000 41.843756
3.710000 42.254344
3.720000 42.669058
3.730000 43.087940
3.740000 43.511032
3.750000 43.938376
3.760000 44.370015
3.770000 44.805992
3.780000 45.246350
3.790000 45.691134
3.800000 46.140389
3.810000 46.594158
3.820000 47.052488
3.830000 47.515424
3.840000 47.983013
3.850000 48.455301
3.860000 48.932336
3.870000 49.414165
3.880000 49.900836
3.890000 50.392399
3.900000 50.888902
3.910000 51.390395
3.920000 51.896928
3.930000 52.408551
3.940000 52.925317
3.950000 53.447276
3.960000 53.974481
3.970000 54.506984
3.980000 55.044839
3.990000 55.588100
4.000000 56.136820
4.010000 56.691056
4.020000 57.250861
4.030000 57.816293
4.040000 58.387407
4.050000 58.964261
4.060000 59.546912
4.070000 60.135420
4.080000 60.729842
4.090000 61.330237
4.100000 61.936667
4.110000 62.549192
4.120000 63.167873
4.130000 63.792771
4.140000 64.423950
4.150000 65.061472
4.160000 65.705402
4.170000 66.355803
4.180000 67.012741
4.190000 67.676281
4.200000 68.346490
4.210000 69.023434
4.220000 69.707182
4.230000 70.397802
4.240000 71.095362
4.250000 71.799933
4.260000 72.511585
4.270000 73.230390
4.280000 73.956418
4.290000 74.689744
4.300000 75.430439
4.310000 76.178578
4.320000 76.934236
4.330000 77.697489
4.340000 78.468413
4.350000 79.247084
4.360000 80.033582
4.370000 80.827983
4.380000 81.630369
4.390000 82.440818
4.400000 83.259413
4.410000 84.086235
4.420000 84.921367
4.430000 85.764892
4.440000 86.616894
4.450000 87.477459
4.460000 88.346673
4.470000 89.224623
4.480000 90.111396
4.490000 91.007081
4.500000 91.911768
4.510000 92.825548
4.520000 93.748511
4.530000 94.680750
4.540000 95.622358
4.550000 96.573430
4.560000 97.534060
4.570000 98.504344
4.580000 99.484380
4.590000 100.474265
4.600000 101.474099
4.610000 102.483982
4.620000 103.504014
4.630000 104.534297
4.640000 105.574935
4.650000 106.626032
4.660000 107.687692
4.670000 108.760022
4.680000 109.843130
4.690000 110.937122
4.700000 112.042110
4.710000 113.158203
4.720000 114.285512
4.730000 115.424152
4.740000 116.574234
4.750000 117.735876
4.760000 118.909192
4.770000 120.094300
4.780000 121.291318
4.790000 122.500367
4.800000 123.721567
4.810000 124.955041
4.820000 126.200910
4.830000 127.459302
4.840000 128.730340
4.850000 130.014152
4.860000 131.310867
4.870000 132.620614
4.880000 133.943524
4.890000 135.279730
4.900000 136.629364
4.910000 137.992563
4.920000 139.369462
4.930000 140.760199
4.940000 142.164914
4.950000 143.583746
4.960000 145.016837
4.970000 146.464331
4.980000 147.926373
4.990000 149.403109
5.000000 150.894686
5.010000 152.401254
5.020000 153.922963
5.030000 155.459965
5.040000 157.012414
5.050000 158.580466
5.060000 160.164277
5.070000 161.764006
5.080000 163.379812
5.090000 165.011857
5.100000 166.660305
5.110000 168.325319
5.120000 170.007068
5.130000 171.705718
5.140000 173.421440
5.150000 175.154405
5.160000 176.904787
5.170000 178.672761
5.180000 180.458503
5.190000 182.262192
5.200000 184.084008
5.210000 185.924134
5.220000 187.782753
5.230000 189.660052
5.240000 191.556218
5.250000 193.471441
5.260000 195.405912
5.270000 197.359825
5.280000 199.333375
5.290000 201.326760
5.300000 203.340178
5.310000 205.373832
5.320000 207.427924
5.330000 209.502660
5.340000 211.598248
5.350000 213.714896
5.360000 215.852818
5.370000 218.012225
5.380000 220.193335
5.390000 222.396366
5.400000 224.621538
5.410000 226.869072
5.420000 229.139195
5.430000 231.432133
5.440000 233.748116
5.450000 236.087374
5.460000 238.450143
5.470000 240.836657
5.480000 243.247157
5.490000 245.681882
5.500000 248.141077
5.510000 250.624987
5.520000 253.133861
5.530000 255.667949
5.540000 258.227506
5.550000 260.812786
5.560000 263.424049
5.570000 266.061556
5.580000 268.725570
5.590000 271.416357
5.600000 274.134188
5.610000 276.879333
5.620000 279.652067
5.630000 282.452668
5.640000 285.281416
5.650000 288.138592
5.660000 291.024484
5.670000 293.939380
5.680000 296.883570
5.690000 299.857351
5.700000 302.861018
5.710000 305.894873
5.720000 308.959218
5.730000 312.054361
5.740000 315.180610
5.750000 318.338279
5.760000 321.527682
5.770000 324.749140
5.780000 328.002974
5.790000 331.289510
5.800000 334.609076
5.810000 337.962003
5.820000 341.348629
5.830000 344.769290
5.840000 348.224330
5.850000 351.714094
5.860000 355.238930
5.870000 358.799192
5.880000 362.395234
5.890000 366.027418
5.900000 369.696105
5.910000 373.401664
5.920000 377.144464
5.930000 380.924879
5.940000 384.743289
5.950000 388.600074
5.960000 392.495621
5.970000 396.430318
5.980000 400.404560
5.990000 404.418743
6.000000 408.473270
6.010000 412.568546
6.020000 416.704979
6.030000 420.882985
6.040000 425.102980
6.050000 429.365387
6.060000 433.670631
6.070000 438.019145
6.080000 442.411361
6.090000 446.847720
6.100000 451.328665
6.110000 455.854644
6.120000 460.426111
6.130000 465.043521
6.140000 469.707337
6.150000 474.418025
6.160000 479.176056
6.170000 483.981906
6.180000 488.836056
6.190000 493.738991
6.200000 498.691201
6.210000 503.693182
6.220000 508.745433
6.230000 513.848461
6.240000 519.002775
6.250000 524.208890
6.260000 529.467328
6.270000 534.778614
6.280000 540.143279
6.290000 545.561860
6.300000 551.034899
6.310000 556.562942
6.320000 562.146544
6.330000 567.786261
6.340000 573.482659
6.350000 579.236306
6.360000 585.047779
6.370000 590.917657
6.380000 596.846530
6.390000 602.834988
6.400000 608.883631
6.410000 614.993064
6.420000 621.163898
6.430000 627.396750
6.440000 633.692243
6.450000 640.051006
6.460000 646.473677
6.470000 652.960896
6.480000 659.513313
6.490000 666.131583
6.500000 672.816367
6.510000 679.568335
6.520000 686.388161
6.530000 693.276528
6.540000 700.234124
6.550000 707.261644
6.560000 714.359793
6.570000 721.529279
6.580000 728.770820
6.590000 736.085139
6.600000 743.472969
6.610000 750.935047
6.620000 758.472120
6.630000 766.084943
6.640000 773.774275
6.650000 781.540887
6.660000 789.385554
6.670000 797.309062
6.680000 805.312202
6.690000 813.395775
6.700000 821.560589
6.710000 829.807461
6.720000 838.137216
6.730000 846.550686
6.740000 855.048712
6.750000 863.632146
6.760000 872.301844
6.770000 881.058674
6.780000 889.903512
6.790000 898.837241
6.800000 907.860757
6.810000 916.974960
6.820000 926.180762
6.830000 935.479085
6.840000 944.870857
6.850000 954.357017
6.860000 963.938516
6.870000 973.616310
6.880000 983.391367
6.890000 993.264665
6.900000 1003.237192
6.910000 1013.309944
6.920000 1023.483929
6.930000 1033.760165
6.940000 1044.139678
6.950000 1054.623507
6.960000 1065.212700
6.970000 1075.908317
6.980000 1086.711426
6.990000 1097.623108
7.000000 1108.644455
7.010000 1119.776568
7.020000 1131.020560
7.030000 1142.377556
7.040000 1153.848693
7.050000 1165.435116
7.060000 1177.137984
7.070000 1188.958468
7.080000 1200.897750
7.090000 1212.957024
7.100000 1225.137496
7.110000 1237.440383
7.120000 1249.866917
7.130000 1262.418339
7.140000 1275.095905
7.150000 1287.900883
7.160000 1300.834553
7.170000 1313.898208
7.180000 1327.093155
7.190000 1340.420714
7.200000 1353.882217
7.210000 1367.479011
7.220000 1381.212454
7.230000 1395.083921
7.240000 1409.094798
7.250000 1423.246487
7.260000 1437.540403
7.270000 1451.977975
7.280000 1466.560647
7.290000 1481.289877
7.300000 1496.167139
7.310000 1511.193920
7.320000 1526.371722
7.330000 1541.702063
7.340000 1557.186478
7.350000 1572.826513
7.360000 1588.623733
7.370000 1604.579718
7.380000 1620.696063
7.390000 1636.974380
7.400000 1653.416297
7.410000 1670.023458
7.420000 1686.797523
7.430000 1703.740171
7.440000 1720.853095
7.450000 1738.138007
7.460000 1755.596635
7.470000 1773.230726
7.480000 1791.042042
7.490000 1809.032364
7.500000 1827.203493
7.510000 1845.557244
7.520000 1864.095453
7.530000 1882.819975
7.540000 1901.732681
7.550000 1920.835463
7.560000 1940.130231
7.570000 1959.618915
7.580000 1979.303464
7.590000 1999.185845
7.600000 2019.268048
7.610000 2039.552080
7.620000 2060.039970
7.630000 2080.733766
7.640000 2101.635539
7.650000 2122.747378
7.660000 2144.071395
7.670000 2165.609722
7.680000 2187.364512
7.690000 2209.337942
7.700000 2231.532208
7.710000 2253.949530
7.720000 2276.592151
7.730000 2299.462333
7.740000 2322.562364
7.750000 2345.894555
7.760000 2369.461238
7.770000 2393.264770
7.780000 2417.307532
7.790000 2441.591927
7.800000 2466.120385
7.810000 2490.895358
7.820000 2515.919323
7.830000 2541.194784
7.840000 2566.724267
7.850000 2592.510325
7.860000 2618.555538
7.870000 2644.862510
7.880000 2671.433871
7.890000 2698.272278
7.900000 2725.380416
7.910000 2752.760996
7.920000 2780.416754
7.930000 2808.350458
7.940000 2836.564900
7.950000 2865.062902
7.960000 2893.847314
7.970000 2922.921014
7.980000 2952.286909
7.990000 2981.947937
8.000000 3011.907063
8.010000 3042.167283
8.020000 3072.731623
8.030000 3103.603140
8.040000 3134.784921
8.050000 3166.280084
8.060000 3198.091779
8.070000 3230.223186
8.080000 3262.677520
8.090000 3295.458025
8.100000 3328.567980
8.110000 3362.010695
8.120000 3395.789515
8.130000 3429.907818
8.140000 3464.369015
8.150000 3499.176554
8.160000 3534.333913
8.170000 3569.844611
8.180000 3605.712196
8.190000 3641.940257
8.200000 3678.532416
8.210000 3715.492332
8.220000 3752.823702
8.230000 3790.530258
8.240000 3828.615771
8.250000 3867.084050
8.260000 3905.938942
8.270000 3945.184332
8.280000 3984.824144
8.290000 4024.862344
8.300000 4065.302934
8.310000 4106.149958
8.320000 4147.407502
8.330000 4189.079691
8.340000 4231.170693
8.350000 4273.684716
8.360000 4316.626013
8.370000 4359.998876
8.380000 4403.807644
8.390000 4448.056698
8.400000 4492.750461
8.410000 4537.893405
8.420000 4583.490043
8.430000 4629.544934
8.440000 4676.062685
8.450000 4723.047947
8.460000 4770.505419
8.470000 4818.439847
8.480000 4866.856023
8.490000 4915.758790
8.500000 4965.153038
8.510000 5015.043707
8.520000 5065.435785
8.530000 5116.334311
8.540000 5167.744377
8.550000 5219.671122
8.560000 5272.119740
8.570000 5325.095475
8.580000 5378.603625
8.590000 5432.649541
8.600000 5487.238628
8.610000 5542.376344
8.620000 5598.068203
8.630000 5654.319774
8.640000 5711.136684
8.650000 5768.524612
8.660000 5826.489299
8.670000 5885.036541
8.680000 5944.172193
8.690000 6003.902167
8.700000 6064.232438
8.710000 6125.169038
8.720000 6186.718061
8.730000 6248.885662
8.740000 6311.678058
8.750000 6375.101528
8.760000 6439.162414
8.770000 6503.867123
8.780000 6569.222125
8.790000 6635.233956
8.800000 6701.909217
8.810000 6769.254575
8.820000 6837.276765
8.830000 6905.982590
8.840000 6975.378920
8.850000 7045.472694
8.860000 7116.270923
8.870000 7187.780686
8.880000 7260.009133
8.890000 7332.963489
8.900000 7406.651048
8.910000 7481.079180
8.920000 7556.255326
8.930000 7632.187005
8.940000 7708.881811
8.950000 7786.347412
8.960000 7864.591555
8.970000 7943.622065
8.980000 8023.446845
8.990000 8104.073877
9.000000 8185.511225
9.010000 8267.767031
9.020000 8350.849522
9.030000 8434.767006
9.040000 8519.527874
9.050000 8605.140604
9.060000 8691.613756
9.070000 8778.955977
9.080000 8867.176002
9.090000 8956.282653
9.100000 9046.284841
9.110000 9137.191566
9.120000 9229.011919
9.130000 9321.755082
9.140000 9415.430329
9.150000 9510.047027
9.160000 9605.614640
9.170000 9702.142723
9.180000 9799.640929
9.190000 9898.119009
9.200000 9997.586809
9.210000 10098.054278
9.220000 10199.531462
9.230000 10302.028508
9.240000 10405.555666
9.250000 10510.123290
9.260000 10615.741836
9.270000 10722.421866
9.280000 10830.174048
9.290000 10939.009158
9.300000 11048.938079
9.310000 11159.971803
9.320000 11272.121435
9.330000 11385.398190
9.340000 11499.813395
9.350000 11615.378492
9.360000 11732.105037
9.370000 11850.004704
9.380000 11969.089282
9.390000 12089.370680
9.400000 12210.860926
9.410000 12333.572170
9.420000 12457.516681
9.430000 12582.706856
9.440000 12709.155213
9.450000 12836.874398
9.460000 12965.877181
9.470000 13096.176464
9.480000 13227.785276
9.490000 13360.716779
9.500000 13494.984266
9.510000 13630.601164
9.520000 13767.581034
9.530000 13905.937574
9.540000 14045.684621
9.550000 14186.836149
9.560000 14329.406274
9.570000 14473.409252
9.580000 14618.859484
9.590000 14765.771515
9.600000 14914.160037
9.610000 15064.039888
9.620000 15215.426057
9.630000 15368.333682
9.640000 15522.778054
9.650000 15678.774618
9.660000 15836.338973
9.670000 15995.486877
9.680000 16156.234243
9.690000 16318.597148
9.700000 16482.591827
9.710000 16648.234679
9.720000 16815.542270
9.730000 16984.531331
9.740000 17155.218759
9.750000 17327.621625
9.760000 17501.757168
9.770000 17677.642803
9.780000 17855.296118
9.790000 18034.734878
9.800000 18215.977027
9.810000 18399.040691
9.820000 18583.944175
9.830000 18770.705970
9.840000 18959.344752
9.850000 19149.879385
9.860000 19342.328924
9.870000 19536.712612
9.880000 19733.049889
9.890000 19931.360388
9.900000 20131.663941
9.910000 20333.980578
9.920000 20538.330531
9.930000 20744.734236
9.940000 20953.212332
9.950000 21163.785667
9.960000 21376.475300
9.970000 21591.302500
9.980000 21808.288748
9.990000 22027.455745
10.000000 22248.825406
