5 1
6 2
7 3
12 4
13 5
20 6
39 8
45 9
46 10
49 11
55 12
58 13
60 14
64 15
85 16
98 17
116 18
125 19
135 20
142 21
144 22
157 23
162 24
165 25
166 26
169 27
171 28
175 29
177 30
178 31
179 32
189 33
193 34
194 35
198 36
199 37
219 38
221 39
222 40
224 41
238 42
241 43
254 44
262 45
268 46
271 47
272 48
280 49
289 50
296 51
300 52
303 53
307 54
309 55
310 56
314 57
316 58
326 59
329 60
335 61
338 62
346 63
355 64
356 65
363 66
366 67
370 68
398 69
400 70
402 71
413 72
423 73
427 74
432 75
433 76
435 77
447 78
450 79
452 80
453 81
454 82
479 83
488 84
497 85
511 86
513 87
515 88
516 89
528 90
530 91
534 92
553 93
561 94
564 95
568 96
571 97
589 98
592 99
595 100
610 101
621 102
625 103
626 104
632 105
633 106
635 107
642 108
688 109
689 110
695 111
698 112
701 113
704 114
708 115
711 116
714 117
718 118
734 119
737 120
738 121
745 122
767 123
769 124
776 125
777 126
778 127
779 128
781 129
789 130
794 131
803 132
805 133
808 134
814 135
819 136
823 137
828 138
830 139
831 140
838 141
839 142
857 143
858 144
862 145
868 146
872 147
879 148
881 149
891 150
903 151
906 152
909 153
910 154
911 155
923 156
933 157
951 158
954 159
957 160
959 161
961 162
984 163
999 164
1001 165
1007 166
1020 167
1025 168
1043 169
1051 170
1062 171
1072 172
1078 173
1086 174
1087 175
1094 176
1099 177
1103 178
1105 179
1106 180
1107 181
1113 182
1114 183
1125 184
1128 185
1155 186
1158 187
1161 188
1169 189
1172 190
1180 191
1186 192
1190 193
1191 194
1198 195
1213 196
1216 197
1220 198
1222 199
1224 200
1226 201
1238 202
1243 203
1245 204
1253 205
1256 206
1270 207
1276 208
1278 209
1296 210
1303 211
1307 212
1312 213
1324 214
1333 215
1342 216
1343 217
1345 218
1349 219
1350 220
1357 221
1358 222
1376 223
1385 224
1387 225
1388 226
1389 227
1404 228
1405 229
1407 230
1413 231
1415 232
1424 233
1435 234
1445 235
1462 236
1464 237
1486 238
1490 239
1495 240
1498 241
1500 242
1501 243
1506 244
1517 245
1518 246
1520 247
1521 248
1523 249
1548 250
1550 251
1565 252
1571 253
1578 254
1580 255
1585 256
1595 257
1600 258
1605 259
1609 260
1616 261
1619 262
1622 263
1625 264
1652 265
1658 266
1661 267
1662 268
1681 269
1683 270
1686 271
1688 272
1696 273
1699 274
1700 275
1702 276
1703 277
1705 278
1709 279
1724 280
1725 281
1726 282
1727 283
1732 284
1733 285
1734 286
1739 287
1743 288
1749 289
1751 290
1758 291
1765 292
1773 293
1774 294
1783 295
1813 296
1821 297
1822 298
1828 299
1830 300
1835 301
1840 302
1841 303
1845 304
1848 305
1851 306
1852 307
1854 308
1860 309
1870 310
1871 311
1876 312
1879 313
1880 314
1895 315
1908 316
1910 317
1913 318
1914 319
1925 320
1933 321
1935 322
1937 323
1942 324
1946 325
1949 326
1951 327
1953 328
1955 329
1975 330
1980 331
1981 332
1986 333
1991 334
2004 335
2012 336
2017 337
2025 338
2027 339
2029 340
2034 341
2038 342
2044 343
2045 344
2058 345
2060 346
2066 347
2067 348
2070 349
2071 350
2078 351
2081 352
2100 353
2118 354
2122 355
2132 356
2136 357
2145 358
2152 359
2153 360
2157 361
2165 362
2175 363
2191 364
2202 365
2215 366
2219 367
2228 368
2229 369
2240 370
2244 371
2252 372
2253 373
2258 374
2268 375
2277 376
2281 377
2295 378
2310 379
2314 380
2317 381
2324 382
2326 383
2329 384
2342 385
2350 386
2355 387
2361 388
2363 389
2367 390
2379 391
2380 392
2396 393
2405 394
2408 395
2425 396
2430 397
2437 398
2443 399
2444 400
2448 401
2453 402
2456 403
2457 404
2461 405
2464 406
2465 407
2476 408
2482 409
2485 410
2497 411
2499 412
2502 413
2506 414
2510 415
2511 416
2516 417
2520 418
2535 419
2536 420
2544 421
2561 422
2571 423
2578 424
2585 425
2594 426
2603 427
2607 428
2612 429
2620 430
2622 431
2627 432
2643 433
2645 434
2649 435
2655 436
2657 437
2658 438
2663 439
2666 440
2679 441
2683 442
2685 443
2693 444
2694 445
2702 446
2706 447
2710 448
2722 449
2731 450
2739 451
2745 452
2754 453
2772 454
2775 455
2792 456
2793 457
2798 458
2802 459
2803 460
2804 461
2815 462
2816 463
2828 464
2838 465
2840 466
2844 467
2845 468
2878 469
2879 470
2881 471
2885 472
2891 473
2909 474
2920 475
2921 476
2926 477
2929 478
2937 479
2939 480
2946 481
2975 482
2979 483
2980 484
2988 485
2990 486
2994 487
2997 488
3007 489
3012 490
3023 491
3026 492
3040 493
3043 494
3071 495
3074 496
3081 497
3094 498
3099 499
3103 500
3108 501
3111 502
3115 503
3124 504
3129 505
3147 506
3158 507
3159 508
3160 509
3161 510
3174 511
3175 512
3185 513
3195 514
3202 515
3213 516
3218 517
3227 518
3253 519
3257 520
3259 521
3260 522
3265 523
3266 524
3272 525
3277 526
3301 527
3308 528
3312 529
3315 530
3316 531
3318 532
3330 533
3331 534
3332 535
3335 536
3346 537
3349 538
3352 539
3354 540
3358 541
3360 542
3372 543
3375 544
3376 545
3380 546
3387 547
3393 548
3398 549
3402 550
3411 551
3421 552
3435 553
3449 554
3453 555
3455 556
3456 557
3463 558
3465 559
3467 560
3478 561
3481 562
3486 563
3493 564
3495 565
3499 566
3500 567
3505 568
3512 569
3520 570
3525 571
3531 572
3533 573
3539 574
3550 575
3561 576
3563 577
3566 578
3580 579
3586 580
3587 581
3590 582
3592 583
3598 584
3602 585
3606 586
3609 587
3613 588
3632 589
3633 590
3642 591
3644 592
3645 593
3649 594
3655 595
3658 596
3667 597
3674 598
3675 599
3676 600
3682 601
3694 602
3696 603
3697 604
3703 605
3707 606
3717 607
3720 608
3722 609
3725 610
3734 611
3745 612
3749 613
3751 614
3768 615
3778 616
3788 617
3794 618
3798 619
3803 620
3804 621
3805 622
3815 623
3816 624
3820 625
3824 626
3827 627
3833 628
3834 629
3842 630
3855 631
3862 632
3864 633
3867 634
3891 635
3901 636
3915 637
3917 638
3918 639
3931 640
3932 641
3937 642
3942 643
3943 644
3946 645
3950 646
3953 647
3960 648
3968 649
3973 650
3975 651
3980 652
3981 653
3995 654
3996 655
4001 656
4009 657
4025 658
4038 659
4041 660
4045 661
4053 662
4056 663
4059 664
4067 665
4070 666
4072 667
4076 668
4081 669
4084 670
4085 671
4089 672
4093 673
4095 674
4111 675
4114 676
4118 677
4128 678
4129 679
4132 680
4141 681
4142 682
4148 683
4155 684
4166 685
4167 686
4171 687
4173 688
4178 689
4188 690
4194 691
4197 692
4199 693
4214 694
4219 695
4229 696
4239 697
4243 698
4250 699
4252 700
4255 701
4256 702
4263 703
4277 704
4278 705
4279 706
4280 707
4284 708
4292 709
4302 710
4304 711
4305 712
4306 713
4314 714
4315 715
4318 716
4324 717
4325 718
4331 719
4336 720
4343 721
4354 722
4355 723
4356 724
4358 725
4368 726
4378 727
4390 728
4391 729
4392 730
4394 731
4396 732
4397 733
4403 734
4413 735
4414 736
4416 737
4428 738
4431 739
4440 740
4441 741
4443 742
4444 743
4446 744
4448 745
4450 746
4451 747
4461 748
4485 749
4492 750
4493 751
4505 752
4517 753
4547 754
4551 755
4576 756
4577 757
4580 758
4586 759
4592 760
4608 761
4611 762
4612 763
4622 764
4627 765
4630 766
4637 767
4647 768
4656 769
4658 770
4668 771
4674 772
4680 773
4689 774
4691 775
4696 776
4697 777
4702 778
4709 779
4712 780
4716 781
4728 782
4739 783
4741 784
4743 785
4746 786
4747 787
4752 788
4761 789
4768 790
4774 791
4776 792
4797 793
4799 794
4803 795
4821 796
4823 797
4842 798
4844 799
4852 800
4854 801
4857 802
4860 803
4864 804
4868 805
4870 806
4871 807
4873 808
4881 809
4884 810
4890 811
4899 812
4903 813
4912 814
4933 815
4939 816
4943 817
4946 818
4972 819
4973 820
4974 821
4976 822
4983 823
4995 824
4996 825
5002 826
5006 827
5007 828
5008 829
5013 830
5021 831
5031 832
5058 833
5071 834
5073 835
5074 836
5078 837
5080 838
5081 839
5084 840
5094 841
5100 842
5105 843
5107 844
5113 845
5120 846
5125 847
5127 848
5128 849
5131 850
5132 851
5137 852
5141 853
5142 854
5145 855
5153 856
5155 857
5161 858
5165 859
5176 860
5177 861
5182 862
5207 863
5210 864
5211 865
5231 866
5240 867
5250 868
5251 869
5253 870
5257 871
5266 872
5271 873
5274 874
5275 875
5284 876
5288 877
5290 878
5295 879
5302 880
5303 881
5311 882
5318 883
5329 884
5330 885
5342 886
5345 887
5355 888
5367 889
5369 890
5376 891
5383 892
5384 893
5385 894
5390 895
5394 896
5395 897
5402 898
5406 899
5413 900
5414 901
5420 902
5424 903
5444 904
5453 905
5458 906
5468 907
5477 908
5479 909
5482 910
5491 911
5492 912
5500 913
5501 914
5505 915
5512 916
5519 917
5525 918
5527 919
5528 920
5530 921
5533 922
5550 923
5558 924
5563 925
5577 926
5580 927
5583 928
5585 929
5595 930
5596 931
5597 932
5609 933
5631 934
5635 935
5639 936
5648 937
5649 938
5650 939
5651 940
5654 941
5655 942
5657 943
5658 944
5660 945
5665 946
5666 947
5676 948
5688 949
5689 950
5706 951
5709 952
5710 953
5716 954
5725 955
5734 956
5735 957
5741 958
5743 959
5745 960
5754 961
5756 962
5757 963
5758 964
5762 965
5765 966
5770 967
5773 968
5776 969
5783 970
5785 971
5790 972
5795 973
5808 974
5811 975
5814 976
5829 977
5842 978
5847 979
5851 980
5857 981
5870 982
5875 983
5881 984
5896 985
5903 986
5911 987
5913 988
5918 989
5922 990
5923 991
5924 992
5930 993
5935 994
5936 995
5942 996
5943 997
5946 998
5949 999
5950 1000
5954 1001
5969 1002
5978 1003
5979 1004
5981 1005
5984 1006
5989 1007
5990 1008
5998 1009
6001 1010
6004 1011
6029 1012
6032 1013
6037 1014
6038 1015
6043 1016
6049 1017
6051 1018
6052 1019
6059 1020
6070 1021
6071 1022
6073 1023
6080 1024
6083 1025
6090 1026
6100 1027
6105 1028
6108 1029
6112 1030
6125 1031
6126 1032
6138 1033
6142 1034
6145 1035
6148 1036
6150 1037
6155 1038
6156 1039
6162 1040
6188 1041
6194 1042
6205 1043
6212 1044
6220 1045
6231 1046
6242 1047
6243 1048
6251 1049
6256 1050
6263 1051
6265 1052
6268 1053
6299 1054
6316 1055
6350 1056
6351 1057
6355 1058
6361 1059
6366 1060
6375 1061
6396 1062
6398 1063
6408 1064
6414 1065
6419 1066
6433 1067
6438 1068
6445 1069
6455 1070
6457 1071
6461 1072
6463 1073
6469 1074
6479 1075
6498 1076
6500 1077
6506 1078
6520 1079
6526 1080
6527 1081
6529 1082
6530 1083
6532 1084
6541 1085
6551 1086
6569 1087
6570 1088
6577 1089
6603 1090
6608 1091
6610 1092
6620 1093
6621 1094
6622 1095
6627 1096
6629 1097
6640 1098
6641 1099
6642 1100
6644 1101
6646 1102
6657 1103
6659 1104
6669 1105
6689 1106
6693 1107
6701 1108
6707 1109
6708 1110
6711 1111
6716 1112
6718 1113
6721 1114
6729 1115
6733 1116
6735 1117
6736 1118
6742 1119
6743 1120
6744 1121
6750 1122
6751 1123
6752 1124
6759 1125
6762 1126
6763 1127
6774 1128
6781 1129
6790 1130
6799 1131
6803 1132
6806 1133
6807 1134
6814 1135
6815 1136
6823 1137
6829 1138
6836 1139
6850 1140
6857 1141
6859 1142
6871 1143
6875 1144
6877 1145
6879 1146
6885 1147
6888 1148
6891 1149
6896 1150
6903 1151
6905 1152
6930 1153
6932 1154
6941 1155
6947 1156
6951 1157
6957 1158
6958 1159
6959 1160
6963 1161
6965 1162
6966 1163
6974 1164
6975 1165
6984 1166
7002 1167
7006 1168
7007 1169
7009 1170
7014 1171
7019 1172
7026 1173
7028 1174
7042 1175
7043 1176
7048 1177
7057 1178
7058 1179
7061 1180
7062 1181
7070 1182
7072 1183
7075 1184
7085 1185
7094 1186
7095 1187
7096 1188
7097 1189
7098 1190
7099 1191
7109 1192
7110 1193
7121 1194
7124 1195
7134 1196
7138 1197
7140 1198
7144 1199
7159 1200
7164 1201
7179 1202
7185 1203
7193 1204
7195 1205
7200 1206
7208 1207
7212 1208
7217 1209
7218 1210
7220 1211
7234 1212
7238 1213
7243 1214
7248 1215
7266 1216
7267 1217
7279 1218
7282 1219
7291 1220
7300 1221
7302 1222
7309 1223
7323 1224
7332 1225
7338 1226
7340 1227
7353 1228
7367 1229
7383 1230
7389 1231
7392 1232
7402 1233
7410 1234
7420 1235
7425 1236
7426 1237
7441 1238
7443 1239
7451 1240
7473 1241
7476 1242
7478 1243
7483 1244
7494 1245
7497 1246
7517 1247
7526 1248
7527 1249
7537 1250
7538 1251
7539 1252
7556 1253
7567 1254
7571 1255
7572 1256
7579 1257
7586 1258
7594 1259
7597 1260
7601 1261
7612 1262
7616 1263
7623 1264
7642 1265
7649 1266
7651 1267
7659 1268
7660 1269
7666 1270
7691 1271
7692 1272
7699 1273
7705 1274
7709 1275
7712 1276
7714 1277
7716 1278
7720 1279
7721 1280
7724 1281
7728 1282
7742 1283
7745 1284
7750 1285
7755 1286
7757 1287
7772 1288
7778 1289
7783 1290
7788 1291
7801 1292
7804 1293
7810 1294
7814 1295
7828 1296
7840 1297
7847 1298
7856 1299
7857 1300
7868 1301
7905 1302
7910 1303
7913 1304
7918 1305
7930 1306
7943 1307
7945 1308
7946 1309
7947 1310
7955 1311
7965 1312
7966 1313
7969 1314
7974 1315
7990 1316
7995 1317
7996 1318
8010 1319
8013 1320
8014 1321
8021 1322
8032 1323
8065 1324
8066 1325
8077 1326
8108 1327
8111 1328
8117 1329
8120 1330
8121 1331
8125 1332
8127 1333
8129 1334
8135 1335
8136 1336
8152 1337
8154 1338
8164 1339
8173 1340
8174 1341
8180 1342
8194 1343
8200 1344
8201 1345
8202 1346
8211 1347
8214 1348
8217 1349
8231 1350
8232 1351
8249 1352
8252 1353
8261 1354
8269 1355
8271 1356
8278 1357
8279 1358
8292 1359
8298 1360
8308 1361
8309 1362
8313 1363
8315 1364
8320 1365
8321 1366
8330 1367
8347 1368
8348 1369
8349 1370
8351 1371
8369 1372
8375 1373
8386 1374
8388 1375
8391 1376
8392 1377
8394 1378
8405 1379
8414 1380
8423 1381
8426 1382
8427 1383
8434 1384
8437 1385
8438 1386
8457 1387
8463 1388
8468 1389
8481 1390
8492 1391
8496 1392
8498 1393
8499 1394
8506 1395
8516 1396
8520 1397
8524 1398
8525 1399
8529 1400
8535 1401
8538 1402
8546 1403
8560 1404
8564 1405
8570 1406
8573 1407
8576 1408
8588 1409
8598 1410
8601 1411
8606 1412
8611 1413
8612 1414
8616 1415
8622 1416
8625 1417
8628 1418
8639 1419
8642 1420
8646 1421
8652 1422
8653 1423
8654 1424
8657 1425
8660 1426
8662 1427
8667 1428
8683 1429
8684 1430
8688 1431
8689 1432
8695 1433
8697 1434
8702 1435
8707 1436
8714 1437
8724 1438
8726 1439
8727 1440
8731 1441
8741 1442
8744 1443
8751 1444
8753 1445
8758 1446
8771 1447
8777 1448
8783 1449
8787 1450
8791 1451
8806 1452
8811 1453
8831 1454
8836 1455
8837 1456
8838 1457
8839 1458
8843 1459
8848 1460
8852 1461
8855 1462
8859 1463
8866 1464
8867 1465
8876 1466
8890 1467
8904 1468
8917 1469
8921 1470
8923 1471
8927 1472
8932 1473
8934 1474
8941 1475
8950 1476
8961 1477
8962 1478
8969 1479
8979 1480
8980 1481
8987 1482
8988 1483
9000 1484
9001 1485
9011 1486
9026 1487
9038 1488
9043 1489
9044 1490
9047 1491
9049 1492
9057 1493
9059 1494
9060 1495
9071 1496
9081 1497
9082 1498
9086 1499
9090 1500
9095 1501
9106 1502
9107 1503
9112 1504
9116 1505
9118 1506
9126 1507
9144 1508
9159 1509
9161 1510
9170 1511
9177 1512
9182 1513
9197 1514
9201 1515
9203 1516
9204 1517
9230 1518
9233 1519
9245 1520
9256 1521
9259 1522
9262 1523
9266 1524
9278 1525
9283 1526
9285 1527
9296 1528
9305 1529
9311 1530
9320 1531
9334 1532
9354 1533
9356 1534
9357 1535
9368 1536
9371 1537
9377 1538
9378 1539
9380 1540
9387 1541
9414 1542
9415 1543
9416 1544
9428 1545
9432 1546
9439 1547
9442 1548
9453 1549
9455 1550
9465 1551
9472 1552
9477 1553
9479 1554
9485 1555
9491 1556
9492 1557
9493 1558
9494 1559
9499 1560
9503 1561
9504 1562
9509 1563
9513 1564
9536 1565
9537 1566
9542 1567
9553 1568
9565 1569
9569 1570
9576 1571
9579 1572
9587 1573
9591 1574
9595 1575
9597 1576
9603 1577
9606 1578
9607 1579
9610 1580
9613 1581
9622 1582
9626 1583
9633 1584
9635 1585
9640 1586
9643 1587
9648 1588
9658 1589
9669 1590
9670 1591
9672 1592
9681 1593
9688 1594
9692 1595
9714 1596
9720 1597
9724 1598
9732 1599
9737 1600
9740 1601
9742 1602
9746 1603
9748 1604
9753 1605
9756 1606
9762 1607
9768 1608
9775 1609
9780 1610
9786 1611
9789 1612
9800 1613
9801 1614
9805 1615
9809 1616
9817 1617
9820 1618
9822 1619
9836 1620
9843 1621
9848 1622
9852 1623
9856 1624
9867 1625
9868 1626
9877 1627
9879 1628
9896 1629
9899 1630
9902 1631
9904 1632
9905 1633
9908 1634
9917 1635
9919 1636
9925 1637
9928 1638
9931 1639
9936 1640
9945 1641
9949 1642
9956 1643
9964 1644
9966 1645
9967 1646
9969 1647
9984 1648
9988 1649
9991 1650
9998 1651
10012 1652
10015 1653
10016 1654
10017 1655
10021 1656
10024 1657
10028 1658
10034 1659
10035 1660
10048 1661
10052 1662
10073 1663
10075 1664
10079 1665
10088 1666
10090 1667
10100 1668
10103 1669
10110 1670
10117 1671
10126 1672
10146 1673
10173 1674
10178 1675
10186 1676
10192 1677
10195 1678
10199 1679
10203 1680
10211 1681
10214 1682
10221 1683
10236 1684
10244 1685
10251 1686
10275 1687
10276 1688
10287 1689
10289 1690
10294 1691
10299 1692
10305 1693
10306 1694
10307 1695
10308 1696
10310 1697
10319 1698
10326 1699
10331 1700
10332 1701
10334 1702
10335 1703
10338 1704
10347 1705
10355 1706
10362 1707
10368 1708
10369 1709
10378 1710
10383 1711
10405 1712
10408 1713
10411 1714
10414 1715
10422 1716
10423 1717
10426 1718
10427 1719
10432 1720
10445 1721
10456 1722
10461 1723
10462 1724
10463 1725
10472 1726
10482 1727
10488 1728
10490 1729
10491 1730
10493 1731
10509 1732
10523 1733
10524 1734
10533 1735
10538 1736
10557 1737
10558 1738
10560 1739
10565 1740
10566 1741
10581 1742
10593 1743
10596 1744
10599 1745
10603 1746
10608 1747
10616 1748
10621 1749
10625 1750
10640 1751
10641 1752
10642 1753
10643 1754
10650 1755
10651 1756
10655 1757
10656 1758
10657 1759
10662 1760
10666 1761
10676 1762
10679 1763
10684 1764
10692 1765
10694 1766
10695 1767
10698 1768
10709 1769
10710 1770
10714 1771
10719 1772
10720 1773
10752 1774
10754 1775
10760 1776
10768 1777
10771 1778
10776 1779
10783 1780
10827 1781
10828 1782
10839 1783
10840 1784
10845 1785
10847 1786
10851 1787
10855 1788
10860 1789
10878 1790
10895 1791
10909 1792
10922 1793
10925 1794
10930 1795
10937 1796
10948 1797
10953 1798
10966 1799
10970 1800
10972 1801
10975 1802
10985 1803
10991 1804
10992 1805
11004 1806
11009 1807
11022 1808
11025 1809
11030 1810
11037 1811
11039 1812
11040 1813
11046 1814
11050 1815
11053 1816
11062 1817
11075 1818
11077 1819
11084 1820
11088 1821
11112 1822
11114 1823
11128 1824
11129 1825
11137 1826
11143 1827
11151 1828
11152 1829
11153 1830
11154 1831
11157 1832
11168 1833
11171 1834
11172 1835
11174 1836
11184 1837
11193 1838
11207 1839
11208 1840
11212 1841
11215 1842
11221 1843
11232 1844
11234 1845
11237 1846
11239 1847
11242 1848
11252 1849
11259 1850
11261 1851
11264 1852
11267 1853
11269 1854
11281 1855
11282 1856
11283 1857
11289 1858
11294 1859
11299 1860
11310 1861
11322 1862
11323 1863
11326 1864
11331 1865
11337 1866
11345 1867
11350 1868
11353 1869
11356 1870
11361 1871
11364 1872
11372 1873
11374 1874
11378 1875
11382 1876
11394 1877
11395 1878
11399 1879
11401 1880
11402 1881
11403 1882
11411 1883
11412 1884
11417 1885
11418 1886
11419 1887
11424 1888
11436 1889
11441 1890
11443 1891
11444 1892
11456 1893
11463 1894
11478 1895
11487 1896
11491 1897
11494 1898
11496 1899
11497 1900
11508 1901
11511 1902
11514 1903
11517 1904
11523 1905
11547 1906
11551 1907
11554 1908
11555 1909
11559 1910
11562 1911
11570 1912
11574 1913
11588 1914
11593 1915
11595 1916
11610 1917
11616 1918
11617 1919
11618 1920
11626 1921
11630 1922
11631 1923
11632 1924
11640 1925
11641 1926
11648 1927
11652 1928
11654 1929
11666 1930
11669 1931
11672 1932
11673 1933
11676 1934
11703 1935
11704 1936
11709 1937
11726 1938
11727 1939
11745 1940
11748 1941
11764 1942
11771 1943
11775 1944
11778 1945
11792 1946
11822 1947
11826 1948
11833 1949
11834 1950
11847 1951
11848 1952
11852 1953
11854 1954
11855 1955
11865 1956
11871 1957
11874 1958
11875 1959
11883 1960
11885 1961
11886 1962
11891 1963
11899 1964
11900 1965
11906 1966
11911 1967
11914 1968
11917 1969
11921 1970
11926 1971
11932 1972
11939 1973
11940 1974
11941 1975
11943 1976
11953 1977
11954 1978
11967 1979
11978 1980
11981 1981
11982 1982
11989 1983
11994 1984
12003 1985
12007 1986
12011 1987
12015 1988
12016 1989
12018 1990
12034 1991
12046 1992
12050 1993
12059 1994
12060 1995
12061 1996
12062 1997
12069 1998
12080 1999
12083 2000
12097 2001
12112 2002
12115 2003
12120 2004
12128 2005
12141 2006
12145 2007
12160 2008
12167 2009
12180 2010
12184 2011
12185 2012
12190 2013
12191 2014
12200 2015
12203 2016
12205 2017
12207 2018
12208 2019
12213 2020
12221 2021
12262 2022
12273 2023
12274 2024
12276 2025
12277 2026
12288 2027
12289 2028
12294 2029
12295 2030
12308 2031
12309 2032
12311 2033
12313 2034
12322 2035
12332 2036
12341 2037
12350 2038
12351 2039
12365 2040
12367 2041
12368 2042
12377 2043
12383 2044
12389 2045
12391 2046
12394 2047
12395 2048
12421 2049
12422 2050
12425 2051
12429 2052
12441 2053
12459 2054
12465 2055
12466 2056
12467 2057
12472 2058
12499 2059
12507 2060
12509 2061
12513 2062
12516 2063
12517 2064
12519 2065
12527 2066
12530 2067
12533 2068
12534 2069
12537 2070
12539 2071
12540 2072
12545 2073
12547 2074
12549 2075
12555 2076
12556 2077
12558 2078
12560 2079
12566 2080
12569 2081
12571 2082
12577 2083
12583 2084
12593 2085
12624 2086
12628 2087
12629 2088
12638 2089
12656 2090
12667 2091
12672 2092
12678 2093
12694 2094
12695 2095
12704 2096
12717 2097
12721 2098
12723 2099
12732 2100
12739 2101
12742 2102
12743 2103
12752 2104
12759 2105
12760 2106
12770 2107
12774 2108
12790 2109
12803 2110
12807 2111
12815 2112
12820 2113
12822 2114
12823 2115
12834 2116
12848 2117
12849 2118
12858 2119
12865 2120
12872 2121
12881 2122
12882 2123
12889 2124
12905 2125
12908 2126
12909 2127
12917 2128
12918 2129
12919 2130
12921 2131
12923 2132
12943 2133
12948 2134
12954 2135
12956 2136
12961 2137
12962 2138
12971 2139
12974 2140
12980 2141
12988 2142
12991 2143
12993 2144
12997 2145
13009 2146
13010 2147
13017 2148
13018 2149
13019 2150
13020 2151
13026 2152
13040 2153
13048 2154
13049 2155
13052 2156
13063 2157
13066 2158
13068 2159
13069 2160
13072 2161
13082 2162
13083 2163
13088 2164
13105 2165
13107 2166
13113 2167
13114 2168
13121 2169
13124 2170
13126 2171
13152 2172
13158 2173
13163 2174
13168 2175
13170 2176
13173 2177
13174 2178
13177 2179
13180 2180
13183 2181
13186 2182
13187 2183
13199 2184
13202 2185
13217 2186
13225 2187
13231 2188
13243 2189
13247 2190
13265 2191
13271 2192
13279 2193
13281 2194
13285 2195
13286 2196
13294 2197
13306 2198
13307 2199
13317 2200
13327 2201
13329 2202
13333 2203
13334 2204
13341 2205
13359 2206
13362 2207
13364 2208
13390 2209
13397 2210
13417 2211
13432 2212
13433 2213
13434 2214
13440 2215
13442 2216
13443 2217
13456 2218
13459 2219
13465 2220
13467 2221
13470 2222
13472 2223
13476 2224
13489 2225
13494 2226
13495 2227
13503 2228
13516 2229
13526 2230
13527 2231
13538 2232
13544 2233
13558 2234
13559 2235
13567 2236
13584 2237
13592 2238
13603 2239
13614 2240
13620 2241
13639 2242
13641 2243
13653 2244
13656 2245
13657 2246
13660 2247
13674 2248
13680 2249
13694 2250
13699 2251
13705 2252
13706 2253
13708 2254
13721 2255
13722 2256
13730 2257
13731 2258
13737 2259
13763 2260
13770 2261
13771 2262
13773 2263
13781 2264
13782 2265
13789 2266
13794 2267
13795 2268
13808 2269
13809 2270
13824 2271
13833 2272
13834 2273
13838 2274
13839 2275
13846 2276
13847 2277
13876 2278
13894 2279
13898 2280
13900 2281
13908 2282
13917 2283
13925 2284
13926 2285
13927 2286
13928 2287
13929 2288
13940 2289
13941 2290
13943 2291
13947 2292
13964 2293
13965 2294
13969 2295
13973 2296
13976 2297
13983 2298
13987 2299
13992 2300
13998 2301
13999 2302
14004 2303
14007 2304
14010 2305
14014 2306
14015 2307
14017 2308
14018 2309
14020 2310
14023 2311
14027 2312
14034 2313
14050 2314
14051 2315
14066 2316
14069 2317
14070 2318
14078 2319
14081 2320
14084 2321
14086 2322
14091 2323
14092 2324
14094 2325
14096 2326
14100 2327
14111 2328
14114 2329
14122 2330
14152 2331
14163 2332
14168 2333
14169 2334
14174 2335
14182 2336
14183 2337
14186 2338
14191 2339
14192 2340
14211 2341
14218 2342
14221 2343
14234 2344
14240 2345
14244 2346
14247 2347
14250 2348
14257 2349
14258 2350
14259 2351
14279 2352
14280 2353
14289 2354
14291 2355
14298 2356
14302 2357
14304 2358
14309 2359
14310 2360
14313 2361
14325 2362
14330 2363
14342 2364
14344 2365
14347 2366
14348 2367
14353 2368
14354 2369
14370 2370
14371 2371
14375 2372
14379 2373
14382 2374
14385 2375
14395 2376
14407 2377
14416 2378
14426 2379
14428 2380
14430 2381
14431 2382
14435 2383
14442 2384
14445 2385
14447 2386
14448 2387
14451 2388
14461 2389
14466 2390
14470 2391
14475 2392
14478 2393
14482 2394
14486 2395
14497 2396
14498 2397
14506 2398
14507 2399
14512 2400
14516 2401
14520 2402
14526 2403
14536 2404
14539 2405
14543 2406
14559 2407
14562 2408
14572 2409
14573 2410
14582 2411
14597 2412
14599 2413
14602 2414
14622 2415
14634 2416
14638 2417
14641 2418
14642 2419
14643 2420
14647 2421
14649 2422
14650 2423
14657 2424
14665 2425
14683 2426
14695 2427
14702 2428
14709 2429
14718 2430
14723 2431
14736 2432
14738 2433
14742 2434
14745 2435
14747 2436
14750 2437
14769 2438
14774 2439
14787 2440
14793 2441
14798 2442
14813 2443
14815 2444
14831 2445
14832 2446
14837 2447
14838 2448
14856 2449
14858 2450
14876 2451
14879 2452
14887 2453
14889 2454
14890 2455
14893 2456
14894 2457
14896 2458
14906 2459
14908 2460
14909 2461
14938 2462
14943 2463
14945 2464
14983 2465
14984 2466
14996 2467
15002 2468
15015 2469
15020 2470
15021 2471
15023 2472
15029 2473
15033 2474
15038 2475
15040 2476
15053 2477
15085 2478
15090 2479
15098 2480
15099 2481
15116 2482
15118 2483
15134 2484
15145 2485
15150 2486
15151 2487
15152 2488
15153 2489
15154 2490
15156 2491
15163 2492
15165 2493
15170 2494
15172 2495
15175 2496
15178 2497
15186 2498
15190 2499
15193 2500
15195 2501
15196 2502
15197 2503
15198 2504
15200 2505
15201 2506
15205 2507
15212 2508
15213 2509
15222 2510
15229 2511
15235 2512
15236 2513
15242 2514
15244 2515
15255 2516
15261 2517
15269 2518
15270 2519
15273 2520
15279 2521
15290 2522
15293 2523
15294 2524
15303 2525
15304 2526
15305 2527
15306 2528
15308 2529
15311 2530
15316 2531
15323 2532
15355 2533
15357 2534
15363 2535
15370 2536
15394 2537
15400 2538
15405 2539
15406 2540
15414 2541
15416 2542
15422 2543
15425 2544
15426 2545
15432 2546
15437 2547
15448 2548
15453 2549
15454 2550
15461 2551
15471 2552
15472 2553
15473 2554
15475 2555
15476 2556
15487 2557
15494 2558
15497 2559
15502 2560
15507 2561
15516 2562
15517 2563
15523 2564
15533 2565
15536 2566
15549 2567
15551 2568
15565 2569
15573 2570
15576 2571
15577 2572
15586 2573
15603 2574
15604 2575
15617 2576
15636 2577
15643 2578
15645 2579
15657 2580
15661 2581
15664 2582
15667 2583
15675 2584
15680 2585
15685 2586
15690 2587
15701 2588
15709 2589
15713 2590
15715 2591
15721 2592
15723 2593
15729 2594
15735 2595
15746 2596
15747 2597
15749 2598
15755 2599
15756 2600
15765 2601
15769 2602
15770 2603
15785 2604
15786 2605
15788 2606
15789 2607
15790 2608
15796 2609
15797 2610
15802 2611
15809 2612
15810 2613
15813 2614
15814 2615
15821 2616
15825 2617
15830 2618
15835 2619
15846 2620
15871 2621
15880 2622
15893 2623
15895 2624
15899 2625
15902 2626
15906 2627
15907 2628
15913 2629
15915 2630
15916 2631
15921 2632
15927 2633
15930 2634
15931 2635
15934 2636
15940 2637
15943 2638
15950 2639
15959 2640
15960 2641
15964 2642
15974 2643
15983 2644
15986 2645
15992 2646
15994 2647
16000 2648
16014 2649
16015 2650
16022 2651
16025 2652
16026 2653
16028 2654
16030 2655
16031 2656
16038 2657
16041 2658
16055 2659
16061 2660
16066 2661
16080 2662
16084 2663
16088 2664
16097 2665
16103 2666
16114 2667
16117 2668
16129 2669
16137 2670
16138 2671
16139 2672
16140 2673
16163 2674
16175 2675
16184 2676
16185 2677
16189 2678
16191 2679
16194 2680
16195 2681
16199 2682
16201 2683
16206 2684
16210 2685
16219 2686
16233 2687
16244 2688
16246 2689
16248 2690
16251 2691
16252 2692
16255 2693
16259 2694
16282 2695
16286 2696
16301 2697
16308 2698
16309 2699
16313 2700
16322 2701
16323 2702
16328 2703
16331 2704
16332 2705
16334 2706
16345 2707
16346 2708
16353 2709
16356 2710
16366 2711
16369 2712
16370 2713
16371 2714
16373 2715
16380 2716
16385 2717
16397 2718
16405 2719
16412 2720
16414 2721
16422 2722
16424 2723
16429 2724
16434 2725
16442 2726
16447 2727
16470 2728
16474 2729
16485 2730
16487 2731
16493 2732
16495 2733
16506 2734
16507 2735
16522 2736
16528 2737
16533 2738
16536 2739
16547 2740
16549 2741
16551 2742
16553 2743
16559 2744
16584 2745
16586 2746
16588 2747
16608 2748
16615 2749
16618 2750
16619 2751
16620 2752
16627 2753
16628 2754
16641 2755
16648 2756
16649 2757
16653 2758
16662 2759
16665 2760
16671 2761
16672 2762
16679 2763
16683 2764
16684 2765
16688 2766
16691 2767
16710 2768
16712 2769
16718 2770
16724 2771
16728 2772
16749 2773
16750 2774
16752 2775
16767 2776
16771 2777
16772 2778
16773 2779
16776 2780
16777 2781
16785 2782
16787 2783
16788 2784
16791 2785
16803 2786
16808 2787
16814 2788
16822 2789
16838 2790
16839 2791
16842 2792
16845 2793
16854 2794
16856 2795
16860 2796
16863 2797
16866 2798
16867 2799
16886 2800
16897 2801
16904 2802
16908 2803
16913 2804
16920 2805
16924 2806
16927 2807
16931 2808
16932 2809
16941 2810
16953 2811
16956 2812
16959 2813
16963 2814
16966 2815
16979 2816
16986 2817
16991 2818
16993 2819
17001 2820
17004 2821
17006 2822
17010 2823
17013 2824
17022 2825
17037 2826
17048 2827
17053 2828
17056 2829
17057 2830
17060 2831
17067 2832
17069 2833
17077 2834
17080 2835
17087 2836
17092 2837
17100 2838
17105 2839
17110 2840
17112 2841
17120 2842
17123 2843
17132 2844
17148 2845
17149 2846
17151 2847
17154 2848
17156 2849
17169 2850
17173 2851
17175 2852
17180 2853
17182 2854
17185 2855
17195 2856
17200 2857
17203 2858
17206 2859
17209 2860
17212 2861
17213 2862
17216 2863
17217 2864
17223 2865
17224 2866
17228 2867
17230 2868
17237 2869
17244 2870
17245 2871
17250 2872
17254 2873
17263 2874
17274 2875
17290 2876
17291 2877
17294 2878
17302 2879
17306 2880
17308 2881
17343 2882
17350 2883
17353 2884
17354 2885
17358 2886
17359 2887
17361 2888
17368 2889
17382 2890
17384 2891
17399 2892
17405 2893
17409 2894
17413 2895
17424 2896
17425 2897
17435 2898
17437 2899
17441 2900
17449 2901
17451 2902
17459 2903
17472 2904
17475 2905
17502 2906
17504 2907
17510 2908
17521 2909
17522 2910
17525 2911
17526 2912
17529 2913
17536 2914
17538 2915
17550 2916
17551 2917
17552 2918
17561 2919
17564 2920
17569 2921
17572 2922
17576 2923
17581 2924
17585 2925
17590 2926
17598 2927
17602 2928
17615 2929
17621 2930
17623 2931
17641 2932
17648 2933
17653 2934
17658 2935
17662 2936
17665 2937
17666 2938
17667 2939
17679 2940
17684 2941
17686 2942
17687 2943
17695 2944
17700 2945
17725 2946
17731 2947
17735 2948
17741 2949
17752 2950
17764 2951
17765 2952
17766 2953
17771 2954
17777 2955
17782 2956
17792 2957
17794 2958
17805 2959
17806 2960
17807 2961
17811 2962
17814 2963
17831 2964
17835 2965
17848 2966
17852 2967
17877 2968
17893 2969
17896 2970
17897 2971
17901 2972
17907 2973
17918 2974
17926 2975
17932 2976
17933 2977
17945 2978
17947 2979
17961 2980
17964 2981
17969 2982
17973 2983
17982 2984
17990 2985
18003 2986
18008 2987
18026 2988
18027 2989
18030 2990
18036 2991
18039 2992
18044 2993
18046 2994
18051 2995
18062 2996
18063 2997
18069 2998
18071 2999
18073 3000
18086 3001
18099 3002
18100 3003
18104 3004
18119 3005
18122 3006
18126 3007
18131 3008
18132 3009
18133 3010
18144 3011
18146 3012
18150 3013
18151 3014
18156 3015
18160 3016
18166 3017
18171 3018
18175 3019
18177 3020
18178 3021
18183 3022
18187 3023
18196 3024
18203 3025
18207 3026
18208 3027
18210 3028
18214 3029
18216 3030
18218 3031
18220 3032
18222 3033
18231 3034
18253 3035
18256 3036
18261 3037
18264 3038
18265 3039
18280 3040
18290 3041
18293 3042
18296 3043
18302 3044
18306 3045
18309 3046
18312 3047
18314 3048
18315 3049
18319 3050
18323 3051
18325 3052
18333 3053
18338 3054
18340 3055
18345 3056
18349 3057
18351 3058
18354 3059
18357 3060
18360 3061
18361 3062
18363 3063
18370 3064
18373 3065
18379 3066
18383 3067
18386 3068
18390 3069
18401 3070
18402 3071
18406 3072
18410 3073
18415 3074
18417 3075
18424 3076
18427 3077
18432 3078
18433 3079
18435 3080
18436 3081
18442 3082
18449 3083
18452 3084
18453 3085
18459 3086
18461 3087
18463 3088
18473 3089
18480 3090
18482 3091
18486 3092
18490 3093
18495 3094
18500 3095
18503 3096
18507 3097
18516 3098
18521 3099
18546 3100
18548 3101
18549 3102
18551 3103
18554 3104
18556 3105
18563 3106
18572 3107
18573 3108
18576 3109
18577 3110
18579 3111
18598 3112
18600 3113
18605 3114
18618 3115
18622 3116
18623 3117
18625 3118
18627 3119
18640 3120
18646 3121
18649 3122
18655 3123
18660 3124
18661 3125
18664 3126
18668 3127
18669 3128
18680 3129
18682 3130
18685 3131
18694 3132
18704 3133
18708 3134
18725 3135
18726 3136
18738 3137
18743 3138
18748 3139
18754 3140
18758 3141
18779 3142
18790 3143
18806 3144
18807 3145
18815 3146
18817 3147
18827 3148
18831 3149
18862 3150
18863 3151
18864 3152
18870 3153
18878 3154
18882 3155
18883 3156
18884 3157
18891 3158
18892 3159
18897 3160
18903 3161
18905 3162
18916 3163
18920 3164
18924 3165
18928 3166
18952 3167
18970 3168
18972 3169
18976 3170
18977 3171
18981 3172
18988 3173
19005 3174
19012 3175
19015 3176
19022 3177
19038 3178
19043 3179
19053 3180
19057 3181
19064 3182
19065 3183
19078 3184
19088 3185
19090 3186
19091 3187
19092 3188
19099 3189
19107 3190
19111 3191
19112 3192
19116 3193
19117 3194
19122 3195
19129 3196
19133 3197
19135 3198
19138 3199
19146 3200
19148 3201
19164 3202
19165 3203
19167 3204
19169 3205
19173 3206
19178 3207
19194 3208
19200 3209
19202 3210
19211 3211
19227 3212
19228 3213
19229 3214
19234 3215
19235 3216
19238 3217
19253 3218
19254 3219
19257 3220
19259 3221
19265 3222
19267 3223
19271 3224
19274 3225
19279 3226
19289 3227
19295 3228
19298 3229
19301 3230
19302 3231
19304 3232
19310 3233
19314 3234
19315 3235
19319 3236
19321 3237
19329 3238
19331 3239
19337 3240
19350 3241
19358 3242
19369 3243
19375 3244
19377 3245
19378 3246
19381 3247
19401 3248
19404 3249
19415 3250
19417 3251
19423 3252
19424 3253
19425 3254
19427 3255
19430 3256
19434 3257
19445 3258
19446 3259
19450 3260
19453 3261
19454 3262
19458 3263
19461 3264
19469 3265
19474 3266
19477 3267
19483 3268
19495 3269
19500 3270
19525 3271
19529 3272
19530 3273
19534 3274
19535 3275
19543 3276
19551 3277
19552 3278
19558 3279
19559 3280
19562 3281
19569 3282
19572 3283
19577 3284
19583 3285
19585 3286
19588 3287
19589 3288
19596 3289
19598 3290
19600 3291
19601 3292
19602 3293
19604 3294
19606 3295
19608 3296
19611 3297
19613 3298
19616 3299
19626 3300
19629 3301
19632 3302
19633 3303
19639 3304
19648 3305
19650 3306
19657 3307
19663 3308
19672 3309
19678 3310
19679 3311
19680 3312
19687 3313
19690 3314
19697 3315
19699 3316
19701 3317
19713 3318
19717 3319
19725 3320
19726 3321
19728 3322
19729 3323
19735 3324
19736 3325
19739 3326
19743 3327
19748 3328
19749 3329
19768 3330
19770 3331
19776 3332
19783 3333
19790 3334
19793 3335
19805 3336
19807 3337
19809 3338
19816 3339
19833 3340
19837 3341
19839 3342
19842 3343
19844 3344
19845 3345
19855 3346
19856 3347
19860 3348
19866 3349
19868 3350
19885 3351
19887 3352
19892 3353
19893 3354
19898 3355
19901 3356
19912 3357
19917 3358
19923 3359
19927 3360
19941 3361
19946 3362
19948 3363
19955 3364
19959 3365
19960 3366
19961 3367
19964 3368
19969 3369
19974 3370
19975 3371
19979 3372
19987 3373
19989 3374
19990 3375
19991 3376
19995 3377
19997 3378
20002 3379
20014 3380
20024 3381
20030 3382
20038 3383
20050 3384
20051 3385
20061 3386
20064 3387
20068 3388
20070 3389
20072 3390
20075 3391
20077 3392
20080 3393
20083 3394
20088 3395
20101 3396
20111 3397
20116 3398
20121 3399
20128 3400
20143 3401
20145 3402
20155 3403
20163 3404
20167 3405
20173 3406
20181 3407
20188 3408
20190 3409
20195 3410
20196 3411
20198 3412
20199 3413
20200 3414
20203 3415
20206 3416
20210 3417
20216 3418
20218 3419
20219 3420
20224 3421
20225 3422
20236 3423
20253 3424
20256 3425
20260 3426
20262 3427
20267 3428
20271 3429
20283 3430
20287 3431
20288 3432
20295 3433
20304 3434
20305 3435
20312 3436
20316 3437
20320 3438
20332 3439
20333 3440
20341 3441
20362 3442
20373 3443
20378 3444
20379 3445
20382 3446
20392 3447
20395 3448
20397 3449
20406 3450
20409 3451
20414 3452
20426 3453
20428 3454
20442 3455
20443 3456
20450 3457
20453 3458
20457 3459
20471 3460
20505 3461
20510 3462
20526 3463
20533 3464
20543 3465
20547 3466
20550 3467
20553 3468
20555 3469
20564 3470
20565 3471
20571 3472
20572 3473
20574 3474
20578 3475
20579 3476
20581 3477
20583 3478
20585 3479
20600 3480
20601 3481
20610 3482
20617 3483
20625 3484
20634 3485
20635 3486
20640 3487
20641 3488
20642 3489
20646 3490
20650 3491
20661 3492
20670 3493
20674 3494
20676 3495
20679 3496
20689 3497
20691 3498
20696 3499
20704 3500
20707 3501
20708 3502
20715 3503
20721 3504
20729 3505
20730 3506
20732 3507
20735 3508
20739 3509
20742 3510
20744 3511
20755 3512
20757 3513
20764 3514
20767 3515
20776 3516
20777 3517
20780 3518
20796 3519
20836 3520
20838 3521
20839 3522
20843 3523
20844 3524
20852 3525
20860 3526
20868 3527
20896 3528
20917 3529
20941 3530
20947 3531
20953 3532
20961 3533
20964 3534
20968 3535
20970 3536
20973 3537
20981 3538
20982 3539
20989 3540
21006 3541
21009 3542
21023 3543
21025 3544
21037 3545
21044 3546
21048 3547
21052 3548
21059 3549
21066 3550
21072 3551
21077 3552
21091 3553
21096 3554
21101 3555
21121 3556
21129 3557
21131 3558
21132 3559
21136 3560
21138 3561
21141 3562
21161 3563
21165 3564
21166 3565
21172 3566
21182 3567
21189 3568
21190 3569
21204 3570
21206 3571
21213 3572
21219 3573
21221 3574
21223 3575
21224 3576
21231 3577
21236 3578
21264 3579
21266 3580
21269 3581
21281 3582
21308 3583
21311 3584
21312 3585
21316 3586
21317 3587
21329 3588
21332 3589
21334 3590
21337 3591
21339 3592
21351 3593
21355 3594
21356 3595
21364 3596
21367 3597
21381 3598
21385 3599
21386 3600
21392 3601
21409 3602
21415 3603
21417 3604
21431 3605
21439 3606
21445 3607
21450 3608
21453 3609
21457 3610
21458 3611
21459 3612
21469 3613
21470 3614
21478 3615
21502 3616
21509 3617
21539 3618
21540 3619
21543 3620
21545 3621
21550 3622
21553 3623
21556 3624
21566 3625
21567 3626
21569 3627
21570 3628
21577 3629
21578 3630
21580 3631
21591 3632
21602 3633
21603 3634
21607 3635
21615 3636
21621 3637
21622 3638
21624 3639
21625 3640
21627 3641
21631 3642
21643 3643
21653 3644
21654 3645
21660 3646
21661 3647
21668 3648
21673 3649
21680 3650
21683 3651
21686 3652
21690 3653
21700 3654
21704 3655
21714 3656
21717 3657
21719 3658
21721 3659
21724 3660
21732 3661
21734 3662
21735 3663
21743 3664
21748 3665
21755 3666
21759 3667
21767 3668
21775 3669
21778 3670
21780 3671
21782 3672
21784 3673
21788 3674
21790 3675
21791 3676
21799 3677
21800 3678
21801 3679
21815 3680
21820 3681
21849 3682
21853 3683
21856 3684
21860 3685
21865 3686
21872 3687
21875 3688
21879 3689
21891 3690
21892 3691
21896 3692
21906 3693
21923 3694
21931 3695
21949 3696
21952 3697
21961 3698
21974 3699
21977 3700
21982 3701
21987 3702
21990 3703
21994 3704
22005 3705
22014 3706
22023 3707
22029 3708
22044 3709
22050 3710
22053 3711
22062 3712
22065 3713
22072 3714
22074 3715
22075 3716
22088 3717
22103 3718
22104 3719
22108 3720
22113 3721
22122 3722
22133 3723
22134 3724
22140 3725
22142 3726
22144 3727
22148 3728
22149 3729
22158 3730
22159 3731
22160 3732
22171 3733
22177 3734
22178 3735
22184 3736
22192 3737
22193 3738
22196 3739
22203 3740
22211 3741
22229 3742
22235 3743
22251 3744
22255 3745
22260 3746
22269 3747
22273 3748
22280 3749
22286 3750
22290 3751
22297 3752
22302 3753
22304 3754
22324 3755
22333 3756
22338 3757
22344 3758
22346 3759
22365 3760
22366 3761
22373 3762
22377 3763
22378 3764
22380 3765
22382 3766
22383 3767
22386 3768
22392 3769
22399 3770
22401 3771
22403 3772
22408 3773

