-10.000000 10.000000
-9.990000 9.989970
-9.980000 9.979940
-9.970000 9.969910
-9.960000 9.959880
-9.950000 9.949850
-9.940000 9.939821
-9.930000 9.929791
-9.920000 9.919761
-9.910000 9.909732
-9.900000 9.899702
-9.890000 9.889673
-9.880000 9.879643
-9.870000 9.869614
-9.860000 9.859585
-9.850000 9.849555
-9.840000 9.839526
-9.830000 9.829497
-9.820000 9.819468
-9.810000 9.809439
-9.800000 9.799410
-9.790000 9.789381
-9.780000 9.779353
-9.770000 9.769324
-9.760000 9.759295
-9.750000 9.749266
-9.740000 9.739238
-9.730000 9.729209
-9.720000 9.719181
-9.710000 9.709153
-9.700000 9.699124
-9.690000 9.689096
-9.680000 9.679068
-9.670000 9.669040
-9.660000 9.659011
-9.650000 9.648983
-9.640000 9.638955
-9.630000 9.628928
-9.620000 9.618900
-9.610000 9.608872
-9.600000 9.598844
-9.590000 9.588816
-9.580000 9.578789
-9.570000 9.568761
-9.560000 9.558734
-9.550000 9.548706
-9.540000 9.538679
-9.530000 9.528651
-9.520000 9.518624
-9.510000 9.508597
-9.500000 9.498570
-9.490000 9.488543
-9.480000 9.478516
-9.470000 9.468489
-9.460000 9.458462
-9.450000 9.448435
-9.440000 9.438408
-9.430000 9.428381
-9.420000 9.418354
-9.410000 9.408328
-9.400000 9.398301
-9.390000 9.388275
-9.380000 9.378248
-9.370000 9.368222
-9.360000 9.358195
-9.350000 9.348169
-9.340000 9.338143
-9.330000 9.328117
-9.320000 9.318090
-9.310000 9.308064
-9.300000 9.298038
-9.290000 9.288012
-9.280000 9.277986
-9.270000 9.267961
-9.260000 9.257935
-9.250000 9.247909
-9.240000 9.237883
-9.230000 9.227858
-9.220000 9.217832
-9.210000 9.207806
-9.200000 9.197781
-9.190000 9.187756
-9.180000 9.177730
-9.170000 9.167705
-9.160000 9.157680
-9.150000 9.147654
-9.140000 9.137629
-9.130000 9.127604
-9.120000 9.117579
-9.110000 9.107554
-9.100000 9.097529
-9.090000 9.087504
-9.080000 9.077480
-9.070000 9.067455
-9.060000 9.057430
-9.050000 9.047405
-9.040000 9.037381
-9.030000 9.027356
-9.020000 9.017332
-9.010000 9.007307
-9.000000 8.997283
-8.990000 8.987259
-8.980000 8.977234
-8.970000 8.967210
-8.960000 8.957186
-8.950000 8.947162
-8.940000 8.937138
-8.930000 8.927114
-8.920000 8.917090
-8.910000 8.907066
-8.900000 8.897042
-8.890000 8.887018
-8.880000 8.876995
-8.870000 8.866971
-8.860000 8.856947
-8.850000 8.846924
-8.840000 8.836900
-8.830000 8.826877
-8.820000 8.816853
-8.810000 8.806830
-8.800000 8.796807
-8.790000 8.786784
-8.780000 8.776760
-8.770000 8.766737
-8.760000 8.756714
-8.750000 8.746691
-8.740000 8.736668
-8.730000 8.726645
-8.720000 8.716622
-8.710000 8.706599
-8.700000 8.696577
-8.690000 8.686554
-8.680000 8.676531
-8.670000 8.666509
-8.660000 8.656486
-8.650000 8.646464
-8.640000 8.636441
-8.630000 8.626419
-8.620000 8.616396
-8.610000 8.606374
-8.600000 8.596352
-8.590000 8.586330
-8.580000 8.576307
-8.570000 8.566285
-8.560000 8.556263
-8.550000 8.546241
-8.540000 8.536219
-8.530000 8.526198
-8.520000 8.516176
-8.510000 8.506154
-8.500000 8.496132
-8.490000 8.486110
-8.480000 8.476089
-8.470000 8.466067
-8.460000 8.456046
-8.450000 8.446024
-8.440000 8.436003
-8.430000 8.425981
-8.420000 8.415960
-8.410000 8.405939
-8.400000 8.395918
-8.390000 8.385896
-8.380000 8.375875
-8.370000 8.365854
-8.360000 8.355833
-8.350000 8.345812
-8.340000 8.335791
-8.330000 8.325770
-8.320000 8.315750
-8.310000 8.305729
-8.300000 8.295708
-8.290000 8.285687
-8.280000 8.275667
-8.270000 8.265646
-8.260000 8.255626
-8.250000 8.245605
-8.240000 8.235585
-8.230000 8.225564
-8.220000 8.215544
-8.210000 8.205524
-8.200000 8.195504
-8.190000 8.185484
-8.180000 8.175463
-8.170000 8.165443
-8.160000 8.155423
-8.150000 8.145403
-8.140000 8.135383
-8.130000 8.125364
-8.120000 8.115344
-8.110000 8.105324
-8.100000 8.095304
-8.090000 8.085284
-8.080000 8.075265
-8.070000 8.065245
-8.060000 8.055226
-8.050000 8.045206
-8.040000 8.035187
-8.030000 8.025167
-8.020000 8.015148
-8.010000 8.005129
-8.000000 7.995110
-7.990000 7.985090
-7.980000 7.975071
-7.970000 7.965052
-7.960000 7.955033
-7.950000 7.945014
-7.940000 7.934995
-7.930000 7.924976
-7.920000 7.914957
-7.910000 7.904938
-7.900000 7.894920
-7.890000 7.884901
-7.880000 7.874882
-7.870000 7.864864
-7.860000 7.854845
-7.850000 7.844827
-7.840000 7.834808
-7.830000 7.824790
-7.820000 7.814771
-7.810000 7.804753
-7.800000 7.794735
-7.790000 7.784716
-7.780000 7.774698
-7.770000 7.764680
-7.760000 7.754662
-7.750000 7.744644
-7.740000 7.734626
-7.730000 7.724608
-7.720000 7.714590
-7.710000 7.704572
-7.700000 7.694554
-7.690000 7.684537
-7.680000 7.674519
-7.670000 7.664501
-7.660000 7.654484
-7.650000 7.644466
-7.640000 7.634448
-7.630000 7.624431
-7.620000 7.614413
-7.610000 7.604396
-7.600000 7.594379
-7.590000 7.584361
-7.580000 7.574344
-7.570000 7.564327
-7.560000 7.554310
-7.550000 7.544293
-7.540000 7.534275
-7.530000 7.524258
-7.520000 7.514241
-7.510000 7.504224
-7.500000 7.494208
-7.490000 7.484191
-7.480000 7.474174
-7.470000 7.464157
-7.460000 7.454140
-7.450000 7.444124
-7.440000 7.434107
-7.430000 7.424090
-7.420000 7.414074
-7.410000 7.404057
-7.400000 7.394041
-7.390000 7.384025
-7.380000 7.374008
-7.370000 7.363992
-7.360000 7.353976
-7.350000 7.343959
-7.340000 7.333943
-7.330000 7.323927
-7.320000 7.313911
-7.310000 7.303895
-7.300000 7.293879
-7.290000 7.283863
-7.280000 7.273847
-7.270000 7.263831
-7.260000 7.253815
-7.250000 7.243799
-7.240000 7.233784
-7.230000 7.223768
-7.220000 7.213752
-7.210000 7.203737
-7.200000 7.193721
-7.190000 7.183706
-7.180000 7.173690
-7.170000 7.163675
-7.160000 7.153659
-7.150000 7.143644
-7.140000 7.133628
-7.130000 7.123613
-7.120000 7.113598
-7.110000 7.103583
-7.100000 7.093568
-7.090000 7.083553
-7.080000 7.073537
-7.070000 7.063522
-7.060000 7.053507
-7.050000 7.043493
-7.040000 7.033478
-7.030000 7.023463
-7.020000 7.013448
-7.010000 7.003433
-7.000000 6.993419
-6.990000 6.983404
-6.980000 6.973389
-6.970000 6.963375
-6.960000 6.953360
-6.950000 6.943346
-6.940000 6.933331
-6.930000 6.923317
-6.920000 6.913302
-6.910000 6.903288
-6.900000 6.893274
-6.890000 6.883259
-6.880000 6.873245
-6.870000 6.863231
-6.860000 6.853217
-6.850000 6.843203
-6.840000 6.833189
-6.830000 6.823175
-6.820000 6.813161
-6.810000 6.803147
-6.800000 6.793133
-6.790000 6.783119
-6.780000 6.773105
-6.770000 6.763091
-6.760000 6.753078
-6.750000 6.743064
-6.740000 6.733050
-6.730000 6.723037
-6.720000 6.713023
-6.710000 6.703010
-6.700000 6.692996
-6.690000 6.682983
-6.680000 6.672969
-6.670000 6.662956
-6.660000 6.652943
-6.650000 6.642929
-6.640000 6.632916
-6.630000 6.622903
-6.620000 6.612890
-6.610000 6.602877
-6.600000 6.592864
-6.590000 6.582851
-6.580000 6.572838
-6.570000 6.562825
-6.560000 6.552812
-6.550000 6.542799
-6.540000 6.532786
-6.530000 6.522773
-6.520000 6.512760
-6.510000 6.502748
-6.500000 6.492735
-6.490000 6.482722
-6.480000 6.472710
-6.470000 6.462697
-6.460000 6.452685
-6.450000 6.442672
-6.440000 6.432660
-6.430000 6.422647
-6.420000 6.412635
-6.410000 6.402623
-6.400000 6.392610
-6.390000 6.382598
-6.380000 6.372586
-6.370000 6.362574
-6.360000 6.352561
-6.350000 6.342549
-6.340000 6.332537
-6.330000 6.322525
-6.320000 6.312513
-6.310000 6.302501
-6.300000 6.292489
-6.290000 6.282478
-6.280000 6.272466
-6.270000 6.262454
-6.260000 6.252442
-6.250000 6.242430
-6.240000 6.232419
-6.230000 6.222407
-6.220000 6.212395
-6.210000 6.202384
-6.200000 6.192372
-6.190000 6.182361
-6.180000 6.172349
-6.170000 6.162338
-6.160000 6.152327
-6.150000 6.142315
-6.140000 6.132304
-6.130000 6.122293
-6.120000 6.112281
-6.110000 6.102270
-6.100000 6.092259
-6.090000 6.082248
-6.080000 6.072237
-6.070000 6.062226
-6.060000 6.052215
-6.050000 6.042204
-6.040000 6.032193
-6.030000 6.022182
-6.020000 6.012171
-6.010000 6.002160
-6.000000 5.992149
-5.990000 5.982139
-5.980000 5.972128
-5.970000 5.962117
-5.960000 5.952106
-5.950000 5.942096
-5.940000 5.932085
-5.930000 5.922075
-5.920000 5.912064
-5.910000 5.902054
-5.900000 5.892043
-5.890000 5.882033
-5.880000 5.872022
-5.870000 5.862012
-5.860000 5.852002
-5.850000 5.841992
-5.840000 5.831981
-5.830000 5.821971
-5.820000 5.811961
-5.810000 5.801951
-5.800000 5.791941
-5.790000 5.781931
-5.780000 5.771921
-5.770000 5.761911
-5.760000 5.751901
-5.750000 5.741891
-5.740000 5.731881
-5.730000 5.721871
-5.720000 5.711861
-5.710000 5.701851
-5.700000 5.691842
-5.690000 5.681832
-5.680000 5.671822
-5.670000 5.661813
-5.660000 5.651803
-5.650000 5.641793
-5.640000 5.631784
-5.630000 5.621774
-5.620000 5.611765
-5.610000 5.601755
-5.600000 5.591746
-5.590000 5.581737
-5.580000 5.571727
-5.570000 5.561718
-5.560000 5.551709
-5.550000 5.541700
-5.540000 5.531690
-5.530000 5.521681
-5.520000 5.511672
-5.510000 5.501663
-5.500000 5.491654
-5.490000 5.481645
-5.480000 5.471636
-5.470000 5.461627
-5.460000 5.451618
-5.450000 5.441609
-5.440000 5.431600
-5.430000 5.421591
-5.420000 5.411582
-5.410000 5.401574
-5.400000 5.391565
-5.390000 5.381556
-5.380000 5.371548
-5.370000 5.361539
-5.360000 5.351530
-5.350000 5.341522
-5.340000 5.331513
-5.330000 5.321505
-5.320000 5.311496
-5.310000 5.301488
-5.300000 5.291479
-5.290000 5.281471
-5.280000 5.271462
-5.270000 5.261454
-5.260000 5.251446
-5.250000 5.241438
-5.240000 5.231429
-5.230000 5.221421
-5.220000 5.211413
-5.210000 5.201405
-5.200000 5.191397
-5.190000 5.181389
-5.180000 5.171381
-5.170000 5.161373
-5.160000 5.151365
-5.150000 5.141357
-5.140000 5.131349
-5.130000 5.121341
-5.120000 5.111333
-5.110000 5.101325
-5.100000 5.091317
-5.090000 5.081310
-5.080000 5.071302
-5.070000 5.061294
-5.060000 5.051287
-5.050000 5.041279
-5.040000 5.031271
-5.030000 5.021264
-5.020000 5.011256
-5.010000 5.001249
-5.000000 4.991241
-4.990000 4.981234
-4.980000 4.971226
-4.970000 4.961219
-4.960000 4.951211
-4.950000 4.941204
-4.940000 4.931197
-4.930000 4.921189
-4.920000 4.911182
-4.910000 4.901175
-4.900000 4.891168
-4.890000 4.881161
-4.880000 4.871153
-4.870000 4.861146
-4.860000 4.851139
-4.850000 4.841132
-4.840000 4.831125
-4.830000 4.821118
-4.820000 4.811111
-4.810000 4.801104
-4.800000 4.791097
-4.790000 4.781091
-4.780000 4.771084
-4.770000 4.761077
-4.760000 4.751070
-4.750000 4.741063
-4.740000 4.731057
-4.730000 4.721050
-4.720000 4.711043
-4.710000 4.701037
-4.700000 4.691030
-4.690000 4.681023
-4.680000 4.671017
-4.670000 4.661010
-4.660000 4.651004
-4.650000 4.640997
-4.640000 4.630991
-4.630000 4.620984
-4.620000 4.610978
-4.610000 4.600972
-4.600000 4.590965
-4.590000 4.580959
-4.580000 4.570953
-4.570000 4.560947
-4.560000 4.550940
-4.550000 4.540934
-4.540000 4.530928
-4.530000 4.520922
-4.520000 4.510916
-4.510000 4.500910
-4.500000 4.490903
-4.490000 4.480897
-4.480000 4.470891
-4.470000 4.460885
-4.460000 4.450879
-4.450000 4.440874
-4.440000 4.430868
-4.430000 4.420862
-4.420000 4.410856
-4.410000 4.400850
-4.400000 4.390844
-4.390000 4.380839
-4.380000 4.370833
-4.370000 4.360827
-4.360000 4.350821
-4.350000 4.340816
-4.340000 4.330810
-4.330000 4.320804
-4.320000 4.310799
-4.310000 4.300793
-4.300000 4.290788
-4.290000 4.280782
-4.280000 4.270777
-4.270000 4.260771
-4.260000 4.250766
-4.250000 4.240760
-4.240000 4.230755
-4.230000 4.220750
-4.220000 4.210744
-4.210000 4.200739
-4.200000 4.190734
-4.190000 4.180729
-4.180000 4.170723
-4.170000 4.160718
-4.160000 4.150713
-4.150000 4.140708
-4.140000 4.130703
-4.130000 4.120698
-4.120000 4.110692
-4.110000 4.100687
-4.100000 4.090682
-4.090000 4.080677
-4.080000 4.070672
-4.070000 4.060667
-4.060000 4.050663
-4.050000 4.040658
-4.040000 4.030653
-4.030000 4.020648
-4.020000 4.010643
-4.010000 4.000638
-4.000000 3.990633
-3.990000 3.980629
-3.980000 3.970624
-3.970000 3.960619
-3.960000 3.950615
-3.950000 3.940610
-3.940000 3.930605
-3.930000 3.920601
-3.920000 3.910596
-3.910000 3.900591
-3.900000 3.890587
-3.890000 3.880582
-3.880000 3.870578
-3.870000 3.860573
-3.860000 3.850569
-3.850000 3.840564
-3.840000 3.830560
-3.830000 3.820556
-3.820000 3.810551
-3.810000 3.800547
-3.800000 3.790543
-3.790000 3.780538
-3.780000 3.770534
-3.770000 3.760530
-3.760000 3.750526
-3.750000 3.740521
-3.740000 3.730517
-3.730000 3.720513
-3.720000 3.710509
-3.710000 3.700505
-3.700000 3.690501
-3.690000 3.680497
-3.680000 3.670493
-3.670000 3.660489
-3.660000 3.650485
-3.650000 3.640481
-3.640000 3.630477
-3.630000 3.620473
-3.620000 3.610469
-3.610000 3.600465
-3.600000 3.590461
-3.590000 3.580457
-3.580000 3.570453
-3.570000 3.560449
-3.560000 3.550446
-3.550000 3.540442
-3.540000 3.530438
-3.530000 3.520434
-3.520000 3.510431
-3.510000 3.500427
-3.500000 3.490423
-3.490000 3.480420
-3.480000 3.470416
-3.470000 3.460413
-3.460000 3.450409
-3.450000 3.440405
-3.440000 3.430402
-3.430000 3.420398
-3.420000 3.410395
-3.410000 3.400391
-3.400000 3.390388
-3.390000 3.380385
-3.380000 3.370381
-3.370000 3.360378
-3.360000 3.350374
-3.350000 3.340371
-3.340000 3.330368
-3.330000 3.320364
-3.320000 3.310361
-3.310000 3.300358
-3.300000 3.290355
-3.290000 3.280351
-3.280000 3.270348
-3.270000 3.260345
-3.260000 3.250342
-3.250000 3.240339
-3.240000 3.230335
-3.230000 3.220332
-3.220000 3.210329
-3.210000 3.200326
-3.200000 3.190323
-3.190000 3.180320
-3.180000 3.170317
-3.170000 3.160314
-3.160000 3.150311
-3.150000 3.140308
-3.140000 3.130305
-3.130000 3.120302
-3.120000 3.110299
-3.110000 3.100296
-3.100000 3.090294
-3.090000 3.080291
-3.080000 3.070288
-3.070000 3.060285
-3.060000 3.050282
-3.050000 3.040279
-3.040000 3.030277
-3.030000 3.020274
-3.020000 3.010271
-3.010000 3.000269
-3.000000 2.990266
-2.990000 2.980263
-2.980000 2.970261
-2.970000 2.960258
-2.960000 2.950255
-2.950000 2.940253
-2.940000 2.930250
-2.930000 2.920248
-2.920000 2.910245
-2.910000 2.900242
-2.900000 2.890240
-2.890000 2.880237
-2.880000 2.870235
-2.870000 2.860233
-2.860000 2.850230
-2.850000 2.840228
-2.840000 2.830225
-2.830000 2.820223
-2.820000 2.810221
-2.810000 2.800218
-2.800000 2.790216
-2.790000 2.780214
-2.780000 2.770211
-2.770000 2.760209
-2.760000 2.750207
-2.750000 2.740204
-2.740000 2.730202
-2.730000 2.720200
-2.720000 2.710198
-2.710000 2.700196
-2.700000 2.690193
-2.690000 2.680191
-2.680000 2.670189
-2.670000 2.660187
-2.660000 2.650185
-2.650000 2.640183
-2.640000 2.630181
-2.630000 2.620179
-2.620000 2.610177
-2.610000 2.600175
-2.600000 2.590173
-2.590000 2.580171
-2.580000 2.570169
-2.570000 2.560167
-2.560000 2.550165
-2.550000 2.540163
-2.540000 2.530161
-2.530000 2.520159
-2.520000 2.510157
-2.510000 2.500155
-2.500000 2.490153
-2.490000 2.480151
-2.480000 2.470150
-2.470000 2.460148
-2.460000 2.450146
-2.450000 2.440144
-2.440000 2.430142
-2.430000 2.420141
-2.420000 2.410139
-2.410000 2.400137
-2.400000 2.390135
-2.390000 2.380134
-2.380000 2.370132
-2.370000 2.360130
-2.360000 2.350129
-2.350000 2.340127
-2.340000 2.330125
-2.330000 2.320124
-2.320000 2.310122
-2.310000 2.300121
-2.300000 2.290119
-2.290000 2.280118
-2.280000 2.270116
-2.270000 2.260114
-2.260000 2.250113
-2.250000 2.240111
-2.240000 2.230110
-2.230000 2.220108
-2.220000 2.210107
-2.210000 2.200106
-2.200000 2.190104
-2.190000 2.180103
-2.180000 2.170101
-2.170000 2.160100
-2.160000 2.150098
-2.150000 2.140097
-2.140000 2.130096
-2.130000 2.120094
-2.120000 2.110093
-2.110000 2.100092
-2.100000 2.090090
-2.090000 2.080089
-2.080000 2.070088
-2.070000 2.060087
-2.060000 2.050085
-2.050000 2.040084
-2.040000 2.030083
-2.030000 2.020082
-2.020000 2.010080
-2.010000 2.000079
-2.000000 1.990078
-1.990000 1.980077
-1.980000 1.970076
-1.970000 1.960074
-1.960000 1.950073
-1.950000 1.940072
-1.940000 1.930071
-1.930000 1.920070
-1.920000 1.910069
-1.910000 1.900068
-1.900000 1.890067
-1.890000 1.880066
-1.880000 1.870065
-1.870000 1.860064
-1.860000 1.850063
-1.850000 1.840062
-1.840000 1.830061
-1.830000 1.820060
-1.820000 1.810059
-1.810000 1.800058
-1.800000 1.790057
-1.790000 1.780056
-1.780000 1.770055
-1.770000 1.760054
-1.760000 1.750053
-1.750000 1.740052
-1.740000 1.730051
-1.730000 1.720050
-1.720000 1.710049
-1.710000 1.700048
-1.700000 1.690048
-1.690000 1.680047
-1.680000 1.670046
-1.670000 1.660045
-1.660000 1.650044
-1.650000 1.640044
-1.640000 1.630043
-1.630000 1.620042
-1.620000 1.610041
-1.610000 1.600040
-1.600000 1.590040
-1.590000 1.580039
-1.580000 1.570038
-1.570000 1.560037
-1.560000 1.550037
-1.550000 1.540036
-1.540000 1.530035
-1.530000 1.520035
-1.520000 1.510034
-1.510000 1.500033
-1.500000 1.490033
-1.490000 1.480032
-1.480000 1.470031
-1.470000 1.460031
-1.460000 1.450030
-1.450000 1.440029
-1.440000 1.430029
-1.430000 1.420028
-1.420000 1.410028
-1.410000 1.400027
-1.400000 1.390026
-1.390000 1.380026
-1.380000 1.370025
-1.370000 1.360025
-1.360000 1.350024
-1.350000 1.340024
-1.340000 1.330023
-1.330000 1.320023
-1.320000 1.310022
-1.310000 1.300022
-1.300000 1.290021
-1.290000 1.280021
-1.280000 1.270020
-1.270000 1.260020
-1.260000 1.250019
-1.250000 1.240019
-1.240000 1.230018
-1.230000 1.220018
-1.220000 1.210017
-1.210000 1.200017
-1.200000 1.190017
-1.190000 1.180016
-1.180000 1.170016
-1.170000 1.160015
-1.160000 1.150015
-1.150000 1.140014
-1.140000 1.130014
-1.130000 1.120014
-1.120000 1.110013
-1.110000 1.100013
-1.100000 1.090013
-1.090000 1.080012
-1.080000 1.070012
-1.070000 1.060012
-1.060000 1.050011
-1.050000 1.040011
-1.040000 1.030011
-1.030000 1.020010
-1.020000 1.010010
-1.010000 1.000010
-1.000000 0.990009
-0.990000 0.980009
-0.980000 0.970009
-0.970000 0.960009
-0.960000 0.950008
-0.950000 0.940008
-0.940000 0.930008
-0.930000 0.920008
-0.920000 0.910007
-0.910000 0.900007
-0.900000 0.890007
-0.890000 0.880007
-0.880000 0.870006
-0.870000 0.860006
-0.860000 0.850006
-0.850000 0.840006
-0.840000 0.830006
-0.830000 0.820005
-0.820000 0.810005
-0.810000 0.800005
-0.800000 0.790005
-0.790000 0.780005
-0.780000 0.770004
-0.770000 0.760004
-0.760000 0.750004
-0.750000 0.740004
-0.740000 0.730004
-0.730000 0.720004
-0.720000 0.710003
-0.710000 0.700003
-0.700000 0.690003
-0.690000 0.680003
-0.680000 0.670003
-0.670000 0.660003
-0.660000 0.650003
-0.650000 0.640003
-0.640000 0.630002
-0.630000 0.620002
-0.620000 0.610002
-0.610000 0.600002
-0.600000 0.590002
-0.590000 0.580002
-0.580000 0.570002
-0.570000 0.560002
-0.560000 0.550002
-0.550000 0.540001
-0.540000 0.530001
-0.530000 0.520001
-0.520000 0.510001
-0.510000 0.500001
-0.500000 0.490001
-0.490000 0.480001
-0.480000 0.470001
-0.470000 0.460001
-0.460000 0.450001
-0.450000 0.440001
-0.440000 0.430001
-0.430000 0.420001
-0.420000 0.410001
-0.410000 0.400001
-0.400000 0.390001
-0.390000 0.380001
-0.380000 0.370000
-0.370000 0.360000
-0.360000 0.350000
-0.350000 0.340000
-0.340000 0.330000
-0.330000 0.320000
-0.320000 0.310000
-0.310000 0.300000
-0.300000 0.290000
-0.290000 0.280000
-0.280000 0.270000
-0.270000 0.260000
-0.260000 0.250000
-0.250000 0.240000
-0.240000 0.230000
-0.230000 0.220000
-0.220000 0.210000
-0.210000 0.200000
-0.200000 0.190000
-0.190000 0.180000
-0.180000 0.170000
-0.170000 0.160000
-0.160000 0.150000
-0.150000 0.140000
-0.140000 0.130000
-0.130000 0.120000
-0.120000 0.110000
-0.110000 0.100000
-0.100000 0.090000
-0.090000 0.080000
-0.080000 0.070000
-0.070000 0.060000
-0.060000 0.050000
-0.050000 0.040000
-0.040000 0.030000
-0.030000 0.020000
-0.020000 0.010000
-0.010000 0.000000
-0.000000 -0.010000
0.010000 -0.020000
0.020000 -0.030000
0.030000 -0.040000
0.040000 -0.050000
0.050000 -0.060000
0.060000 -0.070000
0.070000 -0.080000
0.080000 -0.090000
0.090000 -0.100000
0.100000 -0.110000
0.110000 -0.120000
0.120000 -0.130000
0.130000 -0.140000
0.140000 -0.150000
0.150000 -0.160000
0.160000 -0.170000
0.170000 -0.180000
0.180000 -0.190000
0.190000 -0.200000
0.200000 -0.210000
0.210000 -0.220000
0.220000 -0.230000
0.230000 -0.240000
0.240000 -0.250000
0.250000 -0.260000
0.260000 -0.270000
0.270000 -0.280000
0.280000 -0.290000
0.290000 -0.300000
0.300000 -0.310000
0.310000 -0.320000
0.320000 -0.330000
0.330000 -0.340000
0.340000 -0.350000
0.350000 -0.360000
0.360000 -0.370000
0.370000 -0.380000
0.380000 -0.390000
0.390000 -0.400000
0.400000 -0.410000
0.410000 -0.420000
0.420000 -0.430000
0.430000 -0.440000
0.440000 -0.450000
0.450000 -0.460000
0.460000 -0.470000
0.470000 -0.480000
0.480000 -0.490000
0.490000 -0.500000
0.500000 -0.510000
0.510000 -0.520000
0.520000 -0.530000
0.530000 -0.540000
0.540000 -0.550000
0.550000 -0.560000
0.560000 -0.570000
0.570000 -0.580000
0.580000 -0.590000
0.590000 -0.600000
0.600000 -0.610000
0.610000 -0.620000
0.620000 -0.630000
0.630000 -0.640000
0.640000 -0.650000
0.650000 -0.660000
0.660000 -0.670000
0.670000 -0.680000
0.680000 -0.690000
0.690000 -0.700000
0.700000 -0.710000
0.710000 -0.720000
0.720000 -0.730000
0.730000 -0.740000
0.740000 -0.750000
0.750000 -0.760000
0.760000 -0.770000
0.770000 -0.780000
0.780000 -0.790000
0.790000 -0.800000
0.800000 -0.810000
0.810000 -0.820000
0.820000 -0.830000
0.830000 -0.840000
0.840000 -0.850000
0.850000 -0.860000
0.860000 -0.870000
0.870000 -0.880000
0.880000 -0.890000
0.890000 -0.900000
0.900000 -0.910000
0.910000 -0.920000
0.920000 -0.930000
0.930000 -0.940000
0.940000 -0.950000
0.950000 -0.960000
0.960000 -0.970000
0.970000 -0.980000
0.980000 -0.990000
0.990000 -1.000000
1.000000 -1.010000
1.010000 -1.020000
1.020000 -1.030000
1.030000 -1.040000
1.040000 -1.050000
1.050000 -1.060000
1.060000 -1.070000
1.070000 -1.080000
1.080000 -1.090000
1.090000 -1.100000
1.100000 -1.110000
1.110000 -1.120000
1.120000 -1.130000
1.130000 -1.140000
1.140000 -1.150000
1.150000 -1.160000
1.160000 -1.170000
1.170000 -1.180000
1.180000 -1.190000
1.190000 -1.200000
1.200000 -1.210000
1.210000 -1.220000
1.220000 -1.230000
1.230000 -1.240000
1.240000 -1.250000
1.250000 -1.260000
1.260000 -1.270000
1.270000 -1.280000
1.280000 -1.290000
1.290000 -1.300000
1.300000 -1.310000
1.310000 -1.320000
1.320000 -1.330000
1.330000 -1.340000
1.340000 -1.350000
1.350000 -1.360000
1.360000 -1.370000
1.370000 -1.380000
1.380000 -1.390000
1.390000 -1.400000
1.400000 -1.410000
1.410000 -1.420000
1.420000 -1.430000
1.430000 -1.440000
1.440000 -1.450000
1.450000 -1.460000
1.460000 -1.470000
1.470000 -1.480000
1.480000 -1.490000
1.490000 -1.500000
1.500000 -1.510000
1.510000 -1.520000
1.520000 -1.530000
1.530000 -1.540000
1.540000 -1.550000
1.550000 -1.560000
1.560000 -1.570000
1.570000 -1.580000
1.580000 -1.590000
1.590000 -1.600000
1.600000 -1.610000
1.610000 -1.620000
1.620000 -1.630000
1.630000 -1.640000
1.640000 -1.650000
1.650000 -1.660000
1.660000 -1.670000
1.670000 -1.680000
1.680000 -1.690000
1.690000 -1.700000
1.700000 -1.710000
1.710000 -1.720000
1.720000 -1.730000
1.730000 -1.740000
1.740000 -1.750000
1.750000 -1.760000
1.760000 -1.770000
1.770000 -1.780000
1.780000 -1.790000
1.790000 -1.800000
1.800000 -1.810000
1.810000 -1.820000
1.820000 -1.830000
1.830000 -1.840000
1.840000 -1.850000
1.850000 -1.860000
1.860000 -1.870000
1.870000 -1.880000
1.880000 -1.890000
1.890000 -1.900000
1.900000 -1.910000
1.910000 -1.920000
1.920000 -1.930000
1.930000 -1.940000
1.940000 -1.950000
1.950000 -1.960000
1.960000 -1.970000
1.970000 -1.980000
1.980000 -1.990000
1.990000 -2.000000
2.000000 -2.010000
2.010000 -2.020000
2.020000 -2.030000
2.030000 -2.040000
2.040000 -2.050000
2.050000 -2.060000
2.060000 -2.070000
2.070000 -2.080000
2.080000 -2.090000
2.090000 -2.100000
2.100000 -2.110000
2.110000 -2.120000
2.120000 -2.130000
2.130000 -2.140000
2.140000 -2.150000
2.150000 -2.160000
2.160000 -2.170000
2.170000 -2.180000
2.180000 -2.190000
2.190000 -2.200000
2.200000 -2.210000
2.210000 -2.220000
2.220000 -2.230000
2.230000 -2.240000
2.240000 -2.250000
2.250000 -2.260000
2.260000 -2.270000
2.270000 -2.280000
2.280000 -2.290000
2.290000 -2.300000
2.300000 -2.310000
2.310000 -2.320000
2.320000 -2.330000
2.330000 -2.340000
2.340000 -2.350000
2.350000 -2.360000
2.360000 -2.370000
2.370000 -2.380000
2.380000 -2.390000
2.390000 -2.400000
2.400000 -2.410000
2.410000 -2.420000
2.420000 -2.430000
2.430000 -2.440000
2.440000 -2.450000
2.450000 -2.460000
2.460000 -2.470000
2.470000 -2.480000
2.480000 -2.490000
2.490000 -2.500000
2.500000 -2.510000
2.510000 -2.520000
2.520000 -2.530000
2.530000 -2.540000
2.540000 -2.550000
2.550000 -2.560000
2.560000 -2.570000
2.570000 -2.580000
2.580000 -2.590000
2.590000 -2.600000
2.600000 -2.610000
2.610000 -2.620000
2.620000 -2.630000
2.630000 -2.640000
2.640000 -2.650000
2.650000 -2.660000
2.660000 -2.670000
2.670000 -2.680000
2.680000 -2.690000
2.690000 -2.700000
2.700000 -2.710000
2.710000 -2.720000
2.720000 -2.730000
2.730000 -2.740000
2.740000 -2.750000
2.750000 -2.760000
2.760000 -2.770000
2.770000 -2.780000
2.780000 -2.790000
2.790000 -2.800000
2.800000 -2.810000
2.810000 -2.820000
2.820000 -2.830000
2.830000 -2.840000
2.840000 -2.850000
2.850000 -2.860000
2.860000 -2.870000
2.870000 -2.880000
2.880000 -2.890000
2.890000 -2.900000
2.900000 -2.910000
2.910000 -2.920000
2.920000 -2.930000
2.930000 -2.940000
2.940000 -2.950000
2.950000 -2.960000
2.960000 -2.970000
2.970000 -2.980000
2.980000 -2.990000
2.990000 -3.000000
3.000000 -3.010000
3.010000 -3.020000
3.020000 -3.030000
3.030000 -3.040000
3.040000 -3.050000
3.050000 -3.060000
3.060000 -3.070000
3.070000 -3.080000
3.080000 -3.090000
3.090000 -3.100000
3.100000 -3.110000
3.110000 -3.120000
3.120000 -3.130000
3.130000 -3.140000
3.140000 -3.150000
3.150000 -3.160000
3.160000 -3.170000
3.170000 -3.180000
3.180000 -3.190000
3.190000 -3.200000
3.200000 -3.210000
3.210000 -3.220000
3.220000 -3.230000
3.230000 -3.240000
3.240000 -3.250000
3.250000 -3.260000
3.260000 -3.270000
3.270000 -3.280000
3.280000 -3.290000
3.290000 -3.300000
3.300000 -3.310000
3.310000 -3.320000
3.320000 -3.330000
3.330000 -3.340000
3.340000 -3.350000
3.350000 -3.360000
3.360000 -3.370000
3.370000 -3.380000
3.380000 -3.390000
3.390000 -3.400000
3.400000 -3.410000
3.410000 -3.420000
3.420000 -3.430000
3.430000 -3.440000
3.440000 -3.450000
3.450000 -3.460000
3.460000 -3.470000
3.470000 -3.480000
3.480000 -3.490000
3.490000 -3.500000
3.500000 -3.510000
3.510000 -3.520000
3.520000 -3.530000
3.530000 -3.540000
3.540000 -3.550000
3.550000 -3.560000
3.560000 -3.570000
3.570000 -3.580000
3.580000 -3.590000
3.590000 -3.600000
3.600000 -3.610000
3.610000 -3.620000
3.620000 -3.630000
3.630000 -3.640000
3.640000 -3.650000
3.650000 -3.660000
3.660000 -3.670000
3.670000 -3.680000
3.680000 -3.690000
3.690000 -3.700000
3.700000 -3.710000
3.710000 -3.720000
3.720000 -3.730000
3.730000 -3.740000
3.740000 -3.750000
3.750000 -3.760000
3.760000 -3.770000
3.770000 -3.780000
3.780000 -3.790000
3.790000 -3.800000
3.800000 -3.810000
3.810000 -3.820000
3.820000 -3.830000
3.830000 -3.840000
3.840000 -3.850000
3.850000 -3.860000
3.860000 -3.870000
3.870000 -3.880000
3.880000 -3.890000
3.890000 -3.900000
3.900000 -3.910000
3.910000 -3.920000
3.920000 -3.930000
3.930000 -3.940000
3.940000 -3.950000
3.950000 -3.960000
3.960000 -3.970000
3.970000 -3.980000
3.980000 -3.990000
3.990000 -4.000000
4.000000 -4.010000
4.010000 -4.020000
4.020000 -4.030000
4.030000 -4.040000
4.040000 -4.050000
4.050000 -4.060000
4.060000 -4.070000
4.070000 -4.080000
4.080000 -4.090000
4.090000 -4.100000
4.100000 -4.110000
4.110000 -4.120000
4.120000 -4.130000
4.130000 -4.140000
4.140000 -4.150000
4.150000 -4.160000
4.160000 -4.170000
4.170000 -4.180000
4.180000 -4.190000
4.190000 -4.200000
4.200000 -4.210000
4.210000 -4.220000
4.220000 -4.230000
4.230000 -4.240000
4.240000 -4.250000
4.250000 -4.260000
4.260000 -4.270000
4.270000 -4.280000
4.280000 -4.290000
4.290000 -4.300000
4.300000 -4.310000
4.310000 -4.320000
4.320000 -4.330000
4.330000 -4.340000
4.340000 -4.350000
4.350000 -4.360000
4.360000 -4.370000
4.370000 -4.380000
4.380000 -4.390000
4.390000 -4.400000
4.400000 -4.410000
4.410000 -4.420000
4.420000 -4.430000
4.430000 -4.440000
4.440000 -4.450000
4.450000 -4.460000
4.460000 -4.470000
4.470000 -4.480000
4.480000 -4.490000
4.490000 -4.500000
4.500000 -4.510000
4.510000 -4.520000
4.520000 -4.530000
4.530000 -4.540000
4.540000 -4.550000
4.550000 -4.560000
4.560000 -4.570000
4.570000 -4.580000
4.580000 -4.590000
4.590000 -4.600000
4.600000 -4.610000
4.610000 -4.620000
4.620000 -4.630000
4.630000 -4.640000
4.640000 -4.650000
4.650000 -4.660000
4.660000 -4.670000
4.670000 -4.680000
4.680000 -4.690000
4.690000 -4.700000
4.700000 -4.710000
4.710000 -4.720000
4.720000 -4.730000
4.730000 -4.740000
4.740000 -4.750000
4.750000 -4.760000
4.760000 -4.770000
4.770000 -4.780000
4.780000 -4.790000
4.790000 -4.800000
4.800000 -4.810000
4.810000 -4.820000
4.820000 -4.830000
4.830000 -4.840000
4.840000 -4.850000
4.850000 -4.860000
4.860000 -4.870000
4.870000 -4.880000
4.880000 -4.890000
4.890000 -4.900000
4.900000 -4.910000
4.910000 -4.920000
4.920000 -4.930000
4.930000 -4.940000
4.940000 -4.950000
4.950000 -4.960000
4.960000 -4.970000
4.970000 -4.980000
4.980000 -4.990000
4.990000 -5.000000
5.000000 -5.010000
5.010000 -5.020000
5.020000 -5.030000
5.030000 -5.040000
5.040000 -5.050000
5.050000 -5.060000
5.060000 -5.070000
5.070000 -5.080000
5.080000 -5.090000
5.090000 -5.100000
5.100000 -5.110000
5.110000 -5.120000
5.120000 -5.130000
5.130000 -5.140000
5.140000 -5.150000
5.150000 -5.160000
5.160000 -5.170000
5.170000 -5.180000
5.180000 -5.190000
5.190000 -5.200000
5.200000 -5.210000
5.210000 -5.220000
5.220000 -5.230000
5.230000 -5.240000
5.240000 -5.250000
5.250000 -5.260000
5.260000 -5.270000
5.270000 -5.280000
5.280000 -5.290000
5.290000 -5.300000
5.300000 -5.310000
5.310000 -5.320000
5.320000 -5.330000
5.330000 -5.340000
5.340000 -5.350000
5.350000 -5.360000
5.360000 -5.370000
5.370000 -5.380000
5.380000 -5.390000
5.390000 -5.400000
5.400000 -5.410000
5.410000 -5.420000
5.420000 -5.430000
5.430000 -5.440000
5.440000 -5.450000
5.450000 -5.460000
5.460000 -5.470000
5.470000 -5.480000
5.480000 -5.490000
5.490000 -5.500000
5.500000 -5.510000
5.510000 -5.520000
5.520000 -5.530000
5.530000 -5.540000
5.540000 -5.550000
5.550000 -5.560000
5.560000 -5.570000
5.570000 -5.580000
5.580000 -5.590000
5.590000 -5.600000
5.600000 -5.610000
5.610000 -5.620000
5.620000 -5.630000
5.630000 -5.640000
5.640000 -5.650000
5.650000 -5.660000
5.660000 -5.670000
5.670000 -5.680000
5.680000 -5.690000
5.690000 -5.700000
5.700000 -5.710000
5.710000 -5.720000
5.720000 -5.730000
5.730000 -5.740000
5.740000 -5.750000
5.750000 -5.760000
5.760000 -5.770000
5.770000 -5.780000
5.780000 -5.790000
5.790000 -5.800000
5.800000 -5.810000
5.810000 -5.820000
5.820000 -5.830000
5.830000 -5.840000
5.840000 -5.850000
5.850000 -5.860000
5.860000 -5.870000
5.870000 -5.880000
5.880000 -5.890000
5.890000 -5.900000
5.900000 -5.910000
5.910000 -5.920000
5.920000 -5.930000
5.930000 -5.940000
5.940000 -5.950000
5.950000 -5.960000
5.960000 -5.970000
5.970000 -5.980000
5.980000 -5.990000
5.990000 -6.000000
6.000000 -6.010000
6.010000 -6.020000
6.020000 -6.030000
6.030000 -6.040000
6.040000 -6.050000
6.050000 -6.060000
6.060000 -6.070000
6.070000 -6.080000
6.080000 -6.090000
6.090000 -6.100000
6.100000 -6.110000
6.110000 -6.120000
6.120000 -6.130000
6.130000 -6.140000
6.140000 -6.150000
6.150000 -6.160000
6.160000 -6.170000
6.170000 -6.180000
6.180000 -6.190000
6.190000 -6.200000
6.200000 -6.210000
6.210000 -6.220000
6.220000 -6.230000
6.230000 -6.240000
6.240000 -6.250000
6.250000 -6.260000
6.260000 -6.270000
6.270000 -6.280000
6.280000 -6.290000
6.290000 -6.300000
6.300000 -6.310000
6.310000 -6.320000
6.320000 -6.330000
6.330000 -6.340000
6.340000 -6.350000
6.350000 -6.360000
6.360000 -6.370000
6.370000 -6.380000
6.380000 -6.390000
6.390000 -6.400000
6.400000 -6.410000
6.410000 -6.420000
6.420000 -6.430000
6.430000 -6.440000
6.440000 -6.450000
6.450000 -6.460000
6.460000 -6.470000
6.470000 -6.480000
6.480000 -6.490000
6.490000 -6.500000
6.500000 -6.510000
6.510000 -6.520000
6.520000 -6.530000
6.530000 -6.540000
6.540000 -6.550000
6.550000 -6.560000
6.560000 -6.570000
6.570000 -6.580000
6.580000 -6.590000
6.590000 -6.600000
6.600000 -6.610000
6.610000 -6.620000
6.620000 -6.630000
6.630000 -6.640000
6.640000 -6.650000
6.650000 -6.660000
6.660000 -6.670000
6.670000 -6.680000
6.680000 -6.690000
6.690000 -6.700000
6.700000 -6.710000
6.710000 -6.720000
6.720000 -6.730000
6.730000 -6.740000
6.740000 -6.750000
6.750000 -6.760000
6.760000 -6.770000
6.770000 -6.780000
6.780000 -6.790000
6.790000 -6.800000
6.800000 -6.810000
6.810000 -6.820000
6.820000 -6.830000
6.830000 -6.840000
6.840000 -6.850000
6.850000 -6.860000
6.860000 -6.870000
6.870000 -6.880000
6.880000 -6.890000
6.890000 -6.900000
6.900000 -6.910000
6.910000 -6.920000
6.920000 -6.930000
6.930000 -6.940000
6.940000 -6.950000
6.950000 -6.960000
6.960000 -6.970000
6.970000 -6.980000
6.980000 -6.990000
6.990000 -7.000000
7.000000 -7.010000
7.010000 -7.020000
7.020000 -7.030000
7.030000 -7.040000
7.040000 -7.050000
7.050000 -7.060000
7.060000 -7.070000
7.070000 -7.080000
7.080000 -7.090000
7.090000 -7.100000
7.100000 -7.110000
7.110000 -7.120000
7.120000 -7.130000
7.130000 -7.140000
7.140000 -7.150000
7.150000 -7.160000
7.160000 -7.170000
7.170000 -7.180000
7.180000 -7.190000
7.190000 -7.200000
7.200000 -7.210000
7.210000 -7.220000
7.220000 -7.230000
7.230000 -7.240000
7.240000 -7.250000
7.250000 -7.260000
7.260000 -7.270000
7.270000 -7.280000
7.280000 -7.290000
7.290000 -7.300000
7.300000 -7.310000
7.310000 -7.320000
7.320000 -7.330000
7.330000 -7.340000
7.340000 -7.350000
7.350000 -7.360000
7.360000 -7.370000
7.370000 -7.380000
7.380000 -7.390000
7.390000 -7.400000
7.400000 -7.410000
7.410000 -7.420000
7.420000 -7.430000
7.430000 -7.440000
7.440000 -7.450000
7.450000 -7.460000
7.460000 -7.470000
7.470000 -7.480000
7.480000 -7.490000
7.490000 -7.500000
7.500000 -7.510000
7.510000 -7.520000
7.520000 -7.530000
7.530000 -7.540000
7.540000 -7.550000
7.550000 -7.560000
7.560000 -7.570000
7.570000 -7.580000
7.580000 -7.590000
7.590000 -7.600000
7.600000 -7.610000
7.610000 -7.620000
7.620000 -7.630000
7.630000 -7.640000
7.640000 -7.650000
7.650000 -7.660000
7.660000 -7.670000
7.670000 -7.680000
7.680000 -7.690000
7.690000 -7.700000
7.700000 -7.710000
7.710000 -7.720000
7.720000 -7.730000
7.730000 -7.740000
7.740000 -7.750000
7.750000 -7.760000
7.760000 -7.770000
7.770000 -7.780000
7.780000 -7.790000
7.790000 -7.800000
7.800000 -7.810000
7.810000 -7.820000
7.820000 -7.830000
7.830000 -7.840000
7.840000 -7.850000
7.850000 -7.860000
7.860000 -7.870000
7.870000 -7.880000
7.880000 -7.890000
7.890000 -7.900000
7.900000 -7.910000
7.910000 -7.920000
7.920000 -7.930000
7.930000 -7.940000
7.940000 -7.950000
7.950000 -7.960000
7.960000 -7.970000
7.970000 -7.980000
7.980000 -7.990000
7.990000 -8.000000
8.000000 -8.010000
8.010000 -8.020000
8.020000 -8.030000
8.030000 -8.040000
8.040000 -8.050000
8.050000 -8.060000
8.060000 -8.070000
8.070000 -8.080000
8.080000 -8.090000
8.090000 -8.100000
8.100000 -8.110000
8.110000 -8.120000
8.120000 -8.130000
8.130000 -8.140000
8.140000 -8.150000
8.150000 -8.160000
8.160000 -8.170000
8.170000 -8.180000
8.180000 -8.190000
8.190000 -8.200000
8.200000 -8.210000
8.210000 -8.220000
8.220000 -8.230000
8.230000 -8.240000
8.240000 -8.250000
8.250000 -8.260000
8.260000 -8.270000
8.270000 -8.280000
8.280000 -8.290000
8.290000 -8.300000
8.300000 -8.310000
8.310000 -8.320000
8.320000 -8.330000
8.330000 -8.340000
8.340000 -8.350000
8.350000 -8.360000
8.360000 -8.370000
8.370000 -8.380000
8.380000 -8.390000
8.390000 -8.400000
8.400000 -8.410000
8.410000 -8.420000
8.420000 -8.430000
8.430000 -8.440000
8.440000 -8.450000
8.450000 -8.460000
8.460000 -8.470000
8.470000 -8.480000
8.480000 -8.490000
8.490000 -8.500000
8.500000 -8.510000
8.510000 -8.520000
8.520000 -8.530000
8.530000 -8.540000
8.540000 -8.550000
8.550000 -8.560000
8.560000 -8.570000
8.570000 -8.580000
8.580000 -8.590000
8.590000 -8.600000
8.600000 -8.610000
8.610000 -8.620000
8.620000 -8.630000
8.630000 -8.640000
8.640000 -8.650000
8.650000 -8.660000
8.660000 -8.670000
8.670000 -8.680000
8.680000 -8.690000
8.690000 -8.700000
8.700000 -8.710000
8.710000 -8.720000
8.720000 -8.730000
8.730000 -8.740000
8.740000 -8.750000
8.750000 -8.760000
8.760000 -8.770000
8.770000 -8.780000
8.780000 -8.790000
8.790000 -8.800000
8.800000 -8.810000
8.810000 -8.820000
8.820000 -8.830000
8.830000 -8.840000
8.840000 -8.850000
8.850000 -8.860000
8.860000 -8.870000
8.870000 -8.880000
8.880000 -8.890000
8.890000 -8.900000
8.900000 -8.910000
8.910000 -8.920000
8.920000 -8.930000
8.930000 -8.940000
8.940000 -8.950000
8.950000 -8.960000
8.960000 -8.970000
8.970000 -8.980000
8.980000 -8.990000
8.990000 -9.000000
9.000000 -9.010000
9.010000 -9.020000
9.020000 -9.030000
9.030000 -9.040000
9.040000 -9.050000
9.050000 -9.060000
9.060000 -9.070000
9.070000 -9.080000
9.080000 -9.090000
9.090000 -9.100000
9.100000 -9.110000
9.110000 -9.120000
9.120000 -9.130000
9.130000 -9.140000
9.140000 -9.150000
9.150000 -9.160000
9.160000 -9.170000
9.170000 -9.180000
9.180000 -9.190000
9.190000 -9.200000
9.200000 -9.210000
9.210000 -9.220000
9.220000 -9.230000
9.230000 -9.240000
9.240000 -9.250000
9.250000 -9.260000
9.260000 -9.270000
9.270000 -9.280000
9.280000 -9.290000
9.290000 -9.300000
9.300000 -9.310000
9.310000 -9.320000
9.320000 -9.330000
9.330000 -9.340000
9.340000 -9.350000
9.350000 -9.360000
9.360000 -9.370000
9.370000 -9.380000
9.380000 -9.390000
9.390000 -9.400000
9.400000 -9.410000
9.410000 -9.420000
9.420000 -9.430000
9.430000 -9.440000
9.440000 -9.450000
9.450000 -9.460000
9.460000 -9.470000
9.470000 -9.480000
9.480000 -9.490000
9.490000 -9.500000
9.500000 -9.510000
9.510000 -9.520000
9.520000 -9.530000
9.530000 -9.540000
9.540000 -9.550000
9.550000 -9.560000
9.560000 -9.570000
9.570000 -9.580000
9.580000 -9.590000
9.590000 -9.600000
9.600000 -9.610000
9.610000 -9.620000
9.620000 -9.630000
9.630000 -9.640000
9.640000 -9.650000
9.650000 -9.660000
9.660000 -9.670000
9.670000 -9.680000
9.680000 -9.690000
9.690000 -9.700000
9.700000 -9.710000
9.710000 -9.720000
9.720000 -9.730000
9.730000 -9.740000
9.740000 -9.750000
9.750000 -9.760000
9.760000 -9.770000
9.770000 -9.780000
9.780000 -9.790000
9.790000 -9.800000
9.800000 -9.810000
9.810000 -9.820000
9.820000 -9.830000
9.830000 -9.840000
9.840000 -9.850000
9.850000 -9.860000
9.860000 -9.870000
9.870000 -9.880000
9.880000 -9.890000
9.890000 -9.900000
9.900000 -9.910000
9.910000 -9.920000
9.920000 -9.930000
9.930000 -9.940000
9.940000 -9.950000
9.950000 -9.960000
9.960000 -9.970000
9.970000 -9.980000
9.980000 -9.990000
9.990000 -10.000000
10.000000 -10.010000
