2.000000 0.001652
2.010000 0.003273
2.020000 0.004866
2.030000 0.006431
2.040000 0.007967
2.050000 0.009477
2.060000 0.010961
2.070000 0.012419
2.080000 0.013852
2.090000 0.015260
2.100000 0.016645
2.110000 0.018006
2.120000 0.019345
2.130000 0.020661
2.140000 0.021956
2.150000 0.023230
2.160000 0.024482
2.170000 0.025715
2.180000 0.026928
2.190000 0.028121
2.200000 0.029295
2.210000 0.030451
2.220000 0.031589
2.230000 0.032709
2.240000 0.033811
2.250000 0.034897
2.260000 0.035966
2.270000 0.037019
2.280000 0.038055
2.290000 0.039077
2.300000 0.040082
2.310000 0.041073
2.320000 0.042050
2.330000 0.043012
2.340000 0.043960
2.350000 0.044894
2.360000 0.045814
2.370000 0.046722
2.380000 0.047616
2.390000 0.048498
2.400000 0.049367
2.410000 0.050224
2.420000 0.051069
2.430000 0.051902
2.440000 0.052724
2.450000 0.053534
2.460000 0.054333
2.470000 0.055121
2.480000 0.055899
2.490000 0.056666
2.500000 0.057423
2.510000 0.058170
2.520000 0.058906
2.530000 0.059633
2.540000 0.060351
2.550000 0.061059
2.560000 0.061758
2.570000 0.062447
2.580000 0.063128
2.590000 0.063800
2.600000 0.064464
2.610000 0.065119
2.620000 0.065765
2.630000 0.066404
2.640000 0.067035
2.650000 0.067657
2.660000 0.068272
2.670000 0.068879
2.680000 0.069479
2.690000 0.070072
2.700000 0.070657
2.710000 0.071235
2.720000 0.071806
2.730000 0.072370
2.740000 0.072928
2.750000 0.073479
2.760000 0.074023
2.770000 0.074561
2.780000 0.075092
2.790000 0.075618
2.800000 0.076137
2.810000 0.076650
2.820000 0.077157
2.830000 0.077658
2.840000 0.078154
2.850000 0.078643
2.860000 0.079128
2.870000 0.079606
2.880000 0.080080
2.890000 0.080548
2.900000 0.081010
2.910000 0.081468
2.920000 0.081920
2.930000 0.082368
2.940000 0.082810
2.950000 0.083248
2.960000 0.083681
2.970000 0.084109
2.980000 0.084533
2.990000 0.084952
3.000000 0.085366
3.010000 0.085776
3.020000 0.086182
3.030000 0.086583
3.040000 0.086980
3.050000 0.087373
3.060000 0.087761
3.070000 0.088146
3.080000 0.088527
3.090000 0.088903
3.100000 0.089276
3.110000 0.089645
3.120000 0.090010
3.130000 0.090371
3.140000 0.090729
3.150000 0.091083
3.160000 0.091433
3.170000 0.091780
3.180000 0.092124
3.190000 0.092463
3.200000 0.092800
3.210000 0.093133
3.220000 0.093463
3.230000 0.093790
3.240000 0.094113
3.250000 0.094433
3.260000 0.094750
3.270000 0.095064
3.280000 0.095375
3.290000 0.095683
3.300000 0.095988
3.310000 0.096290
3.320000 0.096589
3.330000 0.096885
3.340000 0.097179
3.350000 0.097469
3.360000 0.097757
3.370000 0.098042
3.380000 0.098325
3.390000 0.098605
3.400000 0.098882
3.410000 0.099156
3.420000 0.099429
3.430000 0.099698
3.440000 0.099965
3.450000 0.100230
3.460000 0.100492
3.470000 0.100752
3.480000 0.101009
3.490000 0.101264
3.500000 0.101517
3.510000 0.101768
3.520000 0.102016
3.530000 0.102262
3.540000 0.102506
3.550000 0.102748
3.560000 0.102987
3.570000 0.103225
3.580000 0.103460
3.590000 0.103693
3.600000 0.103925
3.610000 0.104154
3.620000 0.104381
3.630000 0.104606
3.640000 0.104830
3.650000 0.105051
3.660000 0.105271
3.670000 0.105488
3.680000 0.105704
3.690000 0.105918
3.700000 0.106130
3.710000 0.106340
3.720000 0.106549
3.730000 0.106755
3.740000 0.106960
3.750000 0.107164
3.760000 0.107365
3.770000 0.107565
3.780000 0.107763
3.790000 0.107960
3.800000 0.108155
3.810000 0.108348
3.820000 0.108540
3.830000 0.108730
3.840000 0.108919
3.850000 0.109106
3.860000 0.109292
3.870000 0.109476
3.880000 0.109659
3.890000 0.109840
3.900000 0.110020
3.910000 0.110198
3.920000 0.110375
3.930000 0.110550
3.940000 0.110724
3.950000 0.110897
3.960000 0.111068
3.970000 0.111238
3.980000 0.111407
3.990000 0.111574
4.000000 0.111740
4.010000 0.111905
4.020000 0.112068
4.030000 0.112231
4.040000 0.112392
4.050000 0.112551
4.060000 0.112710
4.070000 0.112867
4.080000 0.113023
4.090000 0.113178
4.100000 0.113332
4.110000 0.113484
4.120000 0.113635
4.130000 0.113786
4.140000 0.113935
4.150000 0.114083
4.160000 0.114230
4.170000 0.114375
4.180000 0.114520
4.190000 0.114664
4.200000 0.114806
4.210000 0.114948
4.220000 0.115088
4.230000 0.115228
4.240000 0.115366
4.250000 0.115503
4.260000 0.115640
4.270000 0.115775
4.280000 0.115910
4.290000 0.116043
4.300000 0.116176
4.310000 0.116307
4.320000 0.116438
4.330000 0.116567
4.340000 0.116696
4.350000 0.116824
4.360000 0.116951
4.370000 0.117077
4.380000 0.117202
4.390000 0.117326
4.400000 0.117450
4.410000 0.117572
4.420000 0.117694
4.430000 0.117814
4.440000 0.117934
4.450000 0.118053
4.460000 0.118172
4.470000 0.118289
4.480000 0.118406
4.490000 0.118522
4.500000 0.118637
4.510000 0.118751
4.520000 0.118864
4.530000 0.118977
4.540000 0.119089
4.550000 0.119200
4.560000 0.119311
4.570000 0.119420
4.580000 0.119529
4.590000 0.119637
4.600000 0.119745
4.610000 0.119852
4.620000 0.119958
4.630000 0.120063
4.640000 0.120168
4.650000 0.120272
4.660000 0.120375
4.670000 0.120477
4.680000 0.120579
4.690000 0.120681
4.700000 0.120781
4.710000 0.120881
4.720000 0.120980
4.730000 0.121079
4.740000 0.121177
4.750000 0.121274
4.760000 0.121371
4.770000 0.121467
4.780000 0.121562
4.790000 0.121657
4.800000 0.121751
4.810000 0.121845
4.820000 0.121938
4.830000 0.122030
4.840000 0.122122
4.850000 0.122213
4.860000 0.122304
4.870000 0.122394
4.880000 0.122484
4.890000 0.122573
4.900000 0.122661
4.910000 0.122749
4.920000 0.122836
4.930000 0.122923
4.940000 0.123009
4.950000 0.123095
4.960000 0.123180
4.970000 0.123265
4.980000 0.123349
4.990000 0.123433
5.000000 0.123516
