-1.000000 1.000000
-0.990000 0.980100
-0.980000 0.960400
-0.970000 0.940900
-0.960000 0.921600
-0.950000 0.902500
-0.940000 0.883600
-0.930000 0.864900
-0.920000 0.846400
-0.910000 0.828100
-0.900000 0.810000
-0.890000 0.792100
-0.880000 0.774400
-0.870000 0.756900
-0.860000 0.739600
-0.850000 0.722500
-0.840000 0.705600
-0.830000 0.688900
-0.820000 0.672400
-0.810000 0.656100
-0.800000 0.640000
-0.790000 0.624100
-0.780000 0.608400
-0.770000 0.592900
-0.760000 0.577600
-0.750000 0.562500
-0.740000 0.547600
-0.730000 0.532900
-0.720000 0.518400
-0.710000 0.504100
-0.700000 0.490000
-0.690000 0.476100
-0.680000 0.462400
-0.670000 0.448900
-0.660000 0.435600
-0.650000 0.422500
-0.640000 0.409600
-0.630000 0.396900
-0.620000 0.384400
-0.610000 0.372100
-0.600000 0.360000
-0.590000 0.348100
-0.580000 0.336400
-0.570000 0.324900
-0.560000 0.313600
-0.550000 0.302500
-0.540000 0.291600
-0.530000 0.280900
-0.520000 0.270400
-0.510000 0.260100
-0.500000 0.250000
-0.490000 0.240100
-0.480000 0.230400
-0.470000 0.220900
-0.460000 0.211600
-0.450000 0.202500
-0.440000 0.193600
-0.430000 0.184900
-0.420000 0.176400
-0.410000 0.168100
-0.400000 0.160000
-0.390000 0.152100
-0.380000 0.144400
-0.370000 0.136900
-0.360000 0.129600
-0.350000 0.122500
-0.340000 0.115600
-0.330000 0.108900
-0.320000 0.102400
-0.310000 0.096100
-0.300000 0.090000
-0.290000 0.084100
-0.280000 0.078400
-0.270000 0.072900
-0.260000 0.067600
-0.250000 0.062500
-0.240000 0.057600
-0.230000 0.052900
-0.220000 0.048400
-0.210000 0.044100
-0.200000 0.040000
-0.190000 0.036100
-0.180000 0.032400
-0.170000 0.028900
-0.160000 0.025600
-0.150000 0.022500
-0.140000 0.019600
-0.130000 0.016900
-0.120000 0.014400
-0.110000 0.012100
-0.100000 0.010000
-0.090000 0.008100
-0.080000 0.006400
-0.070000 0.004900
-0.060000 0.003600
-0.050000 0.002500
-0.040000 0.001600
-0.030000 0.000900
-0.020000 0.000400
-0.010000 0.000100
0.000000 0.000000
0.010000 0.000100
0.020000 0.000400
0.030000 0.000900
0.040000 0.001600
0.050000 0.002500
0.060000 0.003600
0.070000 0.004900
0.080000 0.006400
0.090000 0.008100
0.100000 0.010000
0.110000 0.012100
0.120000 0.014400
0.130000 0.016900
0.140000 0.019600
0.150000 0.022500
0.160000 0.025600
0.170000 0.028900
0.180000 0.032400
0.190000 0.036100
0.200000 0.040000
0.210000 0.044100
0.220000 0.048400
0.230000 0.052900
0.240000 0.057600
0.250000 0.062500
0.260000 0.067600
0.270000 0.072900
0.280000 0.078400
0.290000 0.084100
0.300000 0.090000
0.310000 0.096100
0.320000 0.102400
0.330000 0.108900
0.340000 0.115600
0.350000 0.122500
0.360000 0.129600
0.370000 0.136900
0.380000 0.144400
0.390000 0.152100
0.400000 0.160000
0.410000 0.168100
0.420000 0.176400
0.430000 0.184900
0.440000 0.193600
0.450000 0.202500
0.460000 0.211600
0.470000 0.220900
0.480000 0.230400
0.490000 0.240100
0.500000 0.250000
0.510000 0.260100
0.520000 0.270400
0.530000 0.280900
0.540000 0.291600
0.550000 0.302500
0.560000 0.313600
0.570000 0.324900
0.580000 0.336400
0.590000 0.348100
0.600000 0.360000
0.610000 0.372100
0.620000 0.384400
0.630000 0.396900
0.640000 0.409600
0.650000 0.422500
0.660000 0.435600
0.670000 0.448900
0.680000 0.462400
0.690000 0.476100
0.700000 0.490000
0.710000 0.504100
0.720000 0.518400
0.730000 0.532900
0.740000 0.547600
0.750000 0.562500
0.760000 0.577600
0.770000 0.592900
0.780000 0.608400
0.790000 0.624100
0.800000 0.640000
0.810000 0.656100
0.820000 0.672400
0.830000 0.688900
0.840000 0.705600
0.850000 0.722500
0.860000 0.739600
0.870000 0.756900
0.880000 0.774400
0.890000 0.792100
0.900000 0.810000
0.910000 0.828100
0.920000 0.846400
0.930000 0.864900
0.940000 0.883600
0.950000 0.902500
0.960000 0.921600
0.970000 0.940900
0.980000 0.960400
0.990000 0.980100
1.000000 1.000000
1.010000 1.020100
1.020000 1.040400
1.030000 1.060900
1.040000 1.081600
1.050000 1.102500
1.060000 1.123600
1.070000 1.144900
1.080000 1.166400
1.090000 1.188100
1.100000 1.210000
1.110000 1.232100
1.120000 1.254400
1.130000 1.276900
1.140000 1.299600
1.150000 1.322500
1.160000 1.345600
1.170000 1.368900
1.180000 1.392400
1.190000 1.416100
1.200000 1.440000
1.210000 1.464100
1.220000 1.488400
1.230000 1.512900
1.240000 1.537600
1.250000 1.562500
1.260000 1.587600
1.270000 1.612900
1.280000 1.638400
1.290000 1.664100
1.300000 1.690000
1.310000 1.716100
1.320000 1.742400
1.330000 1.768900
1.340000 1.795600
1.350000 1.822500
1.360000 1.849600
1.370000 1.876900
1.380000 1.904400
1.390000 1.932100
1.400000 1.960000
1.410000 1.988100
1.420000 2.016400
1.430000 2.044900
1.440000 2.073600
1.450000 2.102500
1.460000 2.131600
1.470000 2.160900
1.480000 2.190400
1.490000 2.220100
1.500000 2.250000
1.510000 2.280100
1.520000 2.310400
1.530000 2.340900
1.540000 2.371600
1.550000 2.402500
1.560000 2.433600
1.570000 2.464900
1.580000 2.496400
1.590000 2.528100
1.600000 2.560000
1.610000 2.592100
1.620000 2.624400
1.630000 2.656900
1.640000 2.689600
1.650000 2.722500
1.660000 2.755600
1.670000 2.788900
1.680000 2.822400
1.690000 2.856100
1.700000 2.890000
1.710000 2.924100
1.720000 2.958400
1.730000 2.992900
1.740000 3.027600
1.750000 3.062500
1.760000 3.097600
1.770000 3.132900
1.780000 3.168400
1.790000 3.204100
1.800000 3.240000
1.810000 3.276100
1.820000 3.312400
1.830000 3.348900
1.840000 3.385600
1.850000 3.422500
1.860000 3.459600
1.870000 3.496900
1.880000 3.534400
1.890000 3.572100
1.900000 3.610000
1.910000 3.648100
1.920000 3.686400
1.930000 3.724900
1.940000 3.763600
1.950000 3.802500
1.960000 3.841600
1.970000 3.880900
1.980000 3.920400
1.990000 3.960100
