1 0.000000
6 0.500000
11 0.090909
16 0.312500
21 0.095238
26 0.153846
31 0.032258
36 0.083333
41 0.121951
46 0.043478
51 0.098039
56 0.196429
61 0.163934
66 0.090909
71 0.056338
76 0.184211
81 0.148148
86 0.116279
91 0.120879
96 0.093750
101 0.168317
106 0.141509
111 0.117117
116 0.112069
121 0.082645
126 0.095238
131 0.152672
136 0.147059
141 0.141844
146 0.143836
151 0.125828
156 0.102564
161 0.118012
166 0.180723
171 0.116959
176 0.125000
181 0.171271
186 0.096774
191 0.125654
196 0.117347
201 0.104478
206 0.145631
211 0.137441
216 0.106481
221 0.104072
226 0.115044
231 0.142857
236 0.114407
241 0.157676
246 0.170732
251 0.131474
256 0.093750
261 0.168582
266 0.086466
271 0.103321
276 0.166667
281 0.153025
286 0.115385
291 0.137457
296 0.118243
301 0.102990
306 0.160131
311 0.138264
316 0.120253
321 0.155763
326 0.119632
331 0.123867
336 0.125000
341 0.114370
346 0.112717
351 0.133903
356 0.132022
361 0.108033
366 0.114754
371 0.129380
376 0.114362
381 0.125984
386 0.098446
391 0.132992
396 0.143939
401 0.142145
406 0.145320
411 0.136253
416 0.117788
421 0.133017
426 0.117371
431 0.111369
436 0.116972
441 0.142857
446 0.132287
451 0.101996
456 0.114035
461 0.123644
466 0.113734
471 0.110403
476 0.119748
481 0.128898
486 0.119342
491 0.118126
496 0.137097
501 0.127745
506 0.126482
511 0.109589
516 0.147287
521 0.138196
526 0.104563
531 0.122411
536 0.145522
541 0.129390
546 0.130037
551 0.116152
556 0.116906
561 0.122995
566 0.136042
571 0.138354
576 0.121528
581 0.113597
586 0.116041
591 0.115059
596 0.125839
601 0.146423
606 0.132013
611 0.119476
616 0.137987
621 0.127214
626 0.142173
631 0.128368
636 0.114780
641 0.102964
646 0.150155
651 0.107527
656 0.126524
661 0.124054
666 0.102102
671 0.101341
676 0.128698
681 0.126285
686 0.115160
691 0.133140
696 0.102011
701 0.139800
706 0.104816
711 0.135021
716 0.110335
721 0.130374
726 0.125344
731 0.125855
736 0.107337
741 0.128205
746 0.128686
751 0.122503
756 0.111111
761 0.119580
766 0.118799
771 0.142672
776 0.108247
781 0.119078
786 0.118321
791 0.147914
796 0.133166
801 0.116105
806 0.133995
811 0.133169
816 0.125000
821 0.138855
826 0.142857
831 0.116727
836 0.113636
841 0.133175
846 0.112293
851 0.122209
856 0.135514
861 0.125436
866 0.118938
871 0.134328
876 0.111872
881 0.135074
886 0.121896
891 0.115600
896 0.128348
901 0.109878
906 0.123620
911 0.122942
916 0.121179
921 0.128122
926 0.126350
931 0.109560
936 0.131410
941 0.130712
946 0.137421
951 0.118822
956 0.124477
961 0.129032
966 0.122153
971 0.106076
976 0.125000
981 0.121305
986 0.143002
991 0.137235
996 0.133534
1001 0.128871
1006 0.162028
1011 0.140455
1016 0.125000
1021 0.124388
1026 0.134503
1031 0.138700
1036 0.130309
1041 0.099904
1046 0.121415
1051 0.116080
1056 0.112689
1061 0.129123
1066 0.120075
1071 0.112979
1076 0.127323
1081 0.138760
1086 0.107735
1091 0.137489
1096 0.099453
1101 0.139873
1106 0.116637
1111 0.120612
1116 0.128136
1121 0.122212
1126 0.127886
1131 0.096375
1136 0.118838
1141 0.120070
1146 0.117801
1151 0.145091
1156 0.126298
1161 0.134367
1166 0.143225
1171 0.123826
1176 0.121599
1181 0.135478
1186 0.120573
1191 0.120907
1196 0.128763
1201 0.129059
1206 0.148425
1211 0.131296
1216 0.139803
1221 0.121212
1226 0.126427
1231 0.147035
1236 0.120550
1241 0.128928
1246 0.130819
1251 0.148681
1256 0.129777
1261 0.121332
1266 0.131912
1271 0.111723
1276 0.124608
1281 0.125683
1286 0.126750
1291 0.130132
1296 0.126543
1301 0.125288
1306 0.135528
1311 0.122044
1316 0.129179
1321 0.127933
1326 0.120664
1331 0.135237
1336 0.132485
1341 0.122297
1346 0.128529
1351 0.117691
1356 0.121681
1361 0.132990
1366 0.116398
1371 0.120350
1376 0.119186
1381 0.123099
1386 0.134199
1391 0.140906
1396 0.136819
1401 0.135617
1406 0.110953
1411 0.119773
1416 0.125706
1421 0.134412
1426 0.131837
1431 0.113208
1436 0.126045
1441 0.102012
1446 0.118949
1451 0.111647
1456 0.133242
1461 0.139630
1466 0.135061
1471 0.116927
1476 0.135501
1481 0.122890
1486 0.125168
1491 0.138833
1496 0.109626
1501 0.124584
1506 0.140106
1511 0.130377
1516 0.128628
1521 0.127548
1526 0.130406
1531 0.127368
1536 0.121094
1541 0.129786
1546 0.125485
1551 0.114765
1556 0.124679
1561 0.125561
1566 0.134100
1571 0.122852
1576 0.114213
1581 0.129032
1586 0.129887
1591 0.120050
1596 0.132832
1601 0.116802
1606 0.127646
1611 0.142148
1616 0.131807
1621 0.117829
1626 0.128536
1631 0.129982
1636 0.116137
1641 0.126143
1646 0.125759
1651 0.136887
1656 0.108696
1661 0.137267
1666 0.124850
1671 0.131059
1676 0.124702
1681 0.120761
1686 0.137011
1691 0.133649
1696 0.126179
1701 0.124045
1706 0.106096
1711 0.125073
1716 0.116550
1721 0.123765
1726 0.125145
1731 0.134027
1736 0.111751
1741 0.121195
1746 0.124857
1751 0.113649
1756 0.132688
1761 0.124361
1766 0.133069
1771 0.130999
1776 0.121059
1781 0.119034
1786 0.133259
1791 0.124511
1796 0.137528
1801 0.128262
1806 0.140642
1811 0.131419
1816 0.126652
1821 0.125206
1826 0.123768
1831 0.127253
1836 0.135076
1841 0.129278
1846 0.122969
1851 0.122636
1856 0.122306
1861 0.135411
1866 0.129153
1871 0.128274
1876 0.128465
1881 0.131313
1886 0.139449
1891 0.119513
1896 0.117089
1901 0.116255
1906 0.111228
1911 0.135008
1916 0.123695
1921 0.115044
1926 0.125649
1931 0.118074
1936 0.119318
1941 0.119011
1946 0.120761
1951 0.111738
1956 0.117587
1961 0.123406
1966 0.112411
1971 0.143582
1976 0.126518
1981 0.120141
1986 0.120846
1991 0.127574
1996 0.131263
2001 0.131434
2006 0.125623
2011 0.131775
2016 0.121528
2021 0.126670
2026 0.113524
2031 0.123584
2036 0.127701
2041 0.115630
2046 0.128055
2051 0.112628
2056 0.119163
2061 0.114508
2066 0.113262
2071 0.129889
2076 0.125723
2081 0.136953
2086 0.127517
2091 0.128647
2096 0.127863
2101 0.128986
2106 0.118708
2111 0.129323
2116 0.125709
2121 0.123527
2126 0.135936
2131 0.140310
2136 0.126404
2141 0.138720
2146 0.139795
2151 0.136681
2156 0.131725
2161 0.124017
2166 0.123730
2171 0.120682
2176 0.128676
2181 0.117377
2186 0.123971
2191 0.108626
2196 0.134791
2201 0.124943
2206 0.126020
2211 0.124830
2216 0.128610
2221 0.127870
2226 0.116352
2231 0.133572
2236 0.130143
2241 0.117358
2246 0.138914
2251 0.131941
2256 0.121454
2261 0.123397
2266 0.123124
2271 0.128137
2276 0.137083
2281 0.120561
2286 0.121610
2291 0.121781
2296 0.118467
2301 0.122555
2306 0.123591
2311 0.122458
2316 0.136874
2321 0.127962
2326 0.123388
2331 0.123123
2336 0.133990
2341 0.134131
2346 0.125320
2351 0.125904
2356 0.120119
2361 0.126641
2366 0.123838
2371 0.131590
2376 0.110269
2381 0.127257
2386 0.121542
2391 0.137599
2396 0.133139
2401 0.119117
2406 0.118869
2411 0.116134
2416 0.129139
2421 0.125568
2426 0.123660
2431 0.121349
2436 0.122742
2441 0.119623
2446 0.116108
2451 0.133823
2456 0.123371
2461 0.127184
2466 0.116383
2471 0.138001
2476 0.121567
2481 0.118501
2486 0.129123
2491 0.122441
2496 0.132212
2501 0.109956
2506 0.127294
2511 0.131422
2516 0.123609
2521 0.131297
2526 0.133808
2531 0.127222
2536 0.117114
2541 0.129870
2546 0.121760
2551 0.131321
2556 0.129108
2561 0.124170
2566 0.132892
2571 0.119798
2576 0.123447
2581 0.126695
2586 0.117169
2591 0.130066
2596 0.126733
2601 0.129181
2606 0.129317
2611 0.121026
2616 0.127294
2621 0.120946
2626 0.122239
2631 0.127328
2636 0.118741
2641 0.130632
2646 0.124717
2651 0.125990
2656 0.123870
2661 0.128147
2666 0.123781
2671 0.120180
2676 0.118834
2681 0.131667
2686 0.126955
2691 0.124117
2696 0.132418
2701 0.128101
2706 0.131559
2711 0.119882
2716 0.117084
2721 0.128262
2726 0.125092
2731 0.124497
2736 0.121711
2741 0.115651
2746 0.126730
2751 0.118139
2756 0.121190
2761 0.128577
2766 0.113521
2771 0.126308
2776 0.113112
2781 0.126214
2786 0.129218
2791 0.132569
2796 0.116953
2801 0.122456
2806 0.135068
2811 0.122376
2816 0.120028
2821 0.133286
2826 0.115004
2831 0.122925
2836 0.113188
2841 0.105597
2846 0.132115
2851 0.115749
2856 0.125700
2861 0.116742
2866 0.123517
2871 0.124695
2876 0.121349
2881 0.127386
2886 0.120929
2891 0.122103
2896 0.134669
2901 0.115822
2906 0.130076
2911 0.124699
2916 0.132030
2921 0.115371
2926 0.126111
2931 0.125213
2936 0.118869
2941 0.138048
2946 0.119823
2951 0.128431
2956 0.133288
2961 0.121581
2966 0.127782
2971 0.131606
2976 0.127688
2981 0.129487
2986 0.121232
2991 0.134738
2996 0.125834
3001 0.121959
3006 0.123420
3011 0.134175
3016 0.127321
3021 0.113539
3026 0.118969
3031 0.121412
3036 0.128788
3041 0.127261
3046 0.131320
3051 0.124877
3056 0.126309
3061 0.117282
3066 0.124592
3071 0.124064
3076 0.112159
3081 0.127556
3086 0.122489
3091 0.120349
3096 0.122093
3101 0.135440
3106 0.125241
3111 0.125683
3116 0.119384
3121 0.126882
3126 0.117722
3131 0.119770
3136 0.118304
3141 0.122891
3146 0.127146
3151 0.116154
3156 0.123574
3161 0.121797
3166 0.126658
3171 0.124251
3176 0.115554
3181 0.123232
3186 0.120527
3191 0.130680
3196 0.117960
3201 0.124649
3206 0.124142
3211 0.126129
3216 0.128420
3221 0.119218
3226 0.134532
3231 0.136181
3236 0.126700
3241 0.117248
3246 0.126309
3251 0.124577
3256 0.130835
3261 0.119902
3266 0.122474
3271 0.129624
3276 0.132173
3281 0.125876
3286 0.131467
3291 0.127013
3296 0.123483
3301 0.121175
3306 0.127949
3311 0.127756
3316 0.123341
3321 0.133394
3326 0.121167
3331 0.126989
3336 0.124700
3341 0.135887
3346 0.121937
3351 0.130707
3356 0.132896
3361 0.137162
3366 0.125074
3371 0.121032
3376 0.128555
3381 0.118604
3386 0.128766
3391 0.123857
3396 0.130153
3401 0.116436
3406 0.124486
3411 0.130460
3416 0.128513
3421 0.113709
3426 0.123468
3431 0.122413
3436 0.126019
3441 0.120604
3446 0.124202
3451 0.121994
3456 0.123843
3461 0.112106
3466 0.121177
3471 0.116393
3476 0.124568
3481 0.123815
3486 0.120482
3491 0.129476
3496 0.123284
3501 0.135676
3506 0.125499
3511 0.121903
3516 0.122298
3521 0.119000
3526 0.124220
3531 0.133390
3536 0.127545
3541 0.125671
3546 0.130570
3551 0.119966
3556 0.115298
3561 0.122718
3566 0.120864
3571 0.115094
3576 0.120246
3581 0.121474
3586 0.129950
3591 0.127541
3596 0.112625
3601 0.127465
3606 0.122019
3611 0.125727
3616 0.131914
3621 0.122066
3626 0.116106
3631 0.128890
3636 0.125413
3641 0.120571
3646 0.125343
3651 0.120515
3656 0.130470
3661 0.126741
3666 0.120022
3671 0.129665
3676 0.129761
3681 0.124151
3686 0.126967
3691 0.127066
3696 0.121212
3701 0.123210
3706 0.126821
3711 0.119644
3716 0.126749
3721 0.122816
3726 0.130972
3731 0.111498
3736 0.113490
3741 0.119487
3746 0.133209
3751 0.121834
3756 0.126464
3761 0.115661
3766 0.124801
3771 0.119067
3776 0.119174
3781 0.116371
3786 0.133122
3791 0.122659
3796 0.125922
3801 0.121547
3806 0.121125
3811 0.123590
3816 0.124738
3821 0.119340
3826 0.117878
3831 0.130775
3836 0.122523
3841 0.133819
3846 0.124545
3851 0.118930
3856 0.128112
3861 0.125097
3866 0.128039
3871 0.123741
3876 0.130031
3881 0.126256
3886 0.125064
3891 0.134927
3896 0.122947
3901 0.126122
3906 0.118536
3911 0.125543
3916 0.136364
3921 0.117827
3926 0.128630
3931 0.130756
3936 0.117124
3941 0.122050
3946 0.139128
3951 0.128069
3956 0.135238
3961 0.130523
3966 0.134644
3971 0.131453
3976 0.123491
3981 0.120322
3986 0.120923
3991 0.118266
3996 0.133133
4001 0.125219
4006 0.122317
4011 0.132635
4016 0.126743
4021 0.126585
4026 0.123944
4031 0.124287
4036 0.125124
4041 0.125959
4046 0.124815
4051 0.128857
4056 0.132150
4061 0.118936
4066 0.121003
4071 0.117662
4076 0.130029
4081 0.126930
4086 0.122124
4091 0.125886
4096 0.113525
4101 0.122165
4106 0.125913
4111 0.123814
4116 0.124879
4121 0.120116
4126 0.122395
4131 0.123699
4136 0.125000
4141 0.120744
4146 0.121563
4151 0.117080
4156 0.121992
4161 0.121605
4166 0.125780
4171 0.121793
4176 0.130029
4181 0.125568
4186 0.127329
4191 0.123598
4196 0.127502
4201 0.126160
4206 0.131954
4211 0.126811
4216 0.127135
4221 0.127458
4226 0.119735
4231 0.124320
4236 0.120633
4241 0.129451
4246 0.117758
4251 0.128911
4256 0.121945
4261 0.116874
4266 0.121894
4271 0.124093
4276 0.116230
4281 0.120533
4286 0.115259
4291 0.117921
4296 0.112663
4301 0.121367
4306 0.125871
4311 0.118998
4316 0.119092
4321 0.127285
4326 0.124827
4331 0.125606
4336 0.130996
4341 0.127851
4346 0.121721
4351 0.121351
4356 0.124426
4361 0.123825
4366 0.120476
4371 0.127431
4376 0.124543
4381 0.125542
4386 0.122891
4391 0.117058
4396 0.130118
4401 0.136560
4406 0.124149
4411 0.138971
4416 0.126812
4421 0.125085
4426 0.125847
4431 0.122094
4436 0.120830
4441 0.127449
4446 0.120558
4451 0.124017
4456 0.117145
4461 0.124412
4466 0.123824
4471 0.121673
4476 0.121537
4481 0.124749
4486 0.122604
4491 0.126253
4496 0.121219
4501 0.128416
4506 0.123835
4511 0.124584
4516 0.127325
4521 0.122982
4526 0.123730
4531 0.122931
4536 0.121032
4541 0.136314
4546 0.127585
4551 0.124588
4556 0.131255
4561 0.126288
4566 0.119799
4571 0.125137
4576 0.119537
4581 0.119843
4586 0.126690
4591 0.123720
4596 0.123586
4601 0.126929
4606 0.130265
4611 0.118196
4616 0.120234
4621 0.114694
4626 0.119326
4631 0.125243
4636 0.121441
4641 0.131006
4646 0.130865
4651 0.128790
4656 0.118771
4661 0.121433
4666 0.127304
4671 0.130165
4676 0.116339
4681 0.121555
4686 0.130175
4691 0.127052
4696 0.120315
4701 0.125718
4706 0.120272
4711 0.124814
4716 0.123622
4721 0.123703
4726 0.118493
4731 0.132107
4736 0.129645
4741 0.121282
4746 0.120101
4751 0.129025
4756 0.136039
4761 0.128965
4766 0.123374
4771 0.132048
4776 0.125209
4781 0.128634
4786 0.120351
4791 0.119808
4796 0.125938
4801 0.129348
4806 0.129838
4811 0.118894
4816 0.118771
4821 0.122589
4826 0.134687
4831 0.124405
4836 0.135443
4841 0.124148
4846 0.125052
4851 0.121212
4856 0.132619
4861 0.119523
4866 0.130292
4871 0.122152
4876 0.125923
4881 0.128662
4886 0.125256
4891 0.127172
4896 0.134804
4901 0.123240
4906 0.121892
4911 0.122582
4916 0.120627
4921 0.127616
4926 0.122006
4931 0.126344
4936 0.129660
4941 0.132159
4946 0.122725
4951 0.128257
4956 0.124294
4961 0.125378
4966 0.129279
4971 0.127137
4976 0.135450
4981 0.118651
4986 0.128359
4991 0.120016
4996 0.128303
5001 0.131574
5006 0.126249
5011 0.121333
5016 0.122408
5021 0.125473
5026 0.124751
5031 0.123832
5036 0.119142
5041 0.129538
5046 0.126040
5051 0.126312
5056 0.128758
5061 0.122110
5066 0.138768
5071 0.122461
5076 0.120370
5081 0.127140
5086 0.131538
5091 0.127873
5096 0.132261
5101 0.120173
5106 0.123384
5111 0.124242
5116 0.121775
5121 0.120875
5126 0.128755
5131 0.134866
5136 0.127921
5141 0.108928
5146 0.129810
5151 0.125413
5156 0.122188
5161 0.114706
5166 0.125629
5171 0.123767
5176 0.125193
5181 0.132214
5186 0.116082
5191 0.122327
5196 0.130677
5201 0.130744
5206 0.121783
5211 0.118403
5216 0.125767
5221 0.119709
5226 0.127057
5231 0.121009
5236 0.127387
5241 0.120778
5246 0.119520
5251 0.131784
5256 0.127473
5261 0.130584
5266 0.126852
5271 0.122937
5276 0.119788
5281 0.116834
5286 0.130533
5291 0.128898
5296 0.129909
5301 0.123562
5306 0.122314
5311 0.122199
5316 0.121708
5321 0.124789
5326 0.125047
5331 0.126430
5336 0.120315
5341 0.121513
5346 0.121399
5351 0.118856
5356 0.120052
5361 0.123298
5366 0.120015
5371 0.123999
5376 0.129650
5381 0.126742
5386 0.123283
5391 0.122241
5396 0.127317
5401 0.125162
5406 0.119312
5411 0.121604
5416 0.122969
5421 0.122487
5426 0.128271
5431 0.130731
5436 0.124172
5441 0.120934
5446 0.125413
5451 0.132636
5456 0.124450
5461 0.119758
5466 0.126235
5471 0.132517
5476 0.121622
5481 0.119869
5486 0.126322
5491 0.112001
5496 0.121725
5501 0.127613
5506 0.122775
5511 0.129559
5516 0.121465
5521 0.120268
5526 0.131922
5531 0.124028
5536 0.125723
5541 0.123985
5546 0.128561
5551 0.123401
5556 0.126890
5561 0.118144
5566 0.122350
5571 0.127446
5576 0.130022
5581 0.132414
5586 0.124239
5591 0.129136
5596 0.126162
5601 0.128191
5606 0.131823
5611 0.119943
5616 0.128739
5621 0.122398
5626 0.119623
5631 0.112769
5636 0.125976
5641 0.123028
5646 0.131420
5651 0.118563
5656 0.130835
5661 0.126303
5666 0.124426
5671 0.127667
5676 0.122093
5681 0.119873
5686 0.131375
5691 0.126691
5696 0.126931
5701 0.128749
5706 0.127760
5711 0.117843
5716 0.132085
5721 0.122356
5726 0.127314
5731 0.127552
5736 0.122385
5741 0.130291
5746 0.128089
5751 0.123283
5756 0.130994
5761 0.124631
5766 0.116892
5771 0.127881
5776 0.125519
5781 0.122816
5786 0.134808
5791 0.121568
5796 0.129572
5801 0.124978
5806 0.130899
5811 0.133024
5816 0.124828
5821 0.121972
5826 0.125644
5831 0.129480
5836 0.126285
5841 0.125835
5846 0.127780
5851 0.124423
5856 0.121585
5861 0.125405
5866 0.125980
5871 0.136774
5876 0.132573
5881 0.122598
5886 0.119946
5891 0.121032
5896 0.126018
5901 0.126080
5906 0.121910
5911 0.121638
5916 0.113590
5921 0.122277
5926 0.119474
5931 0.118698
5936 0.128538
5941 0.129271
5946 0.121258
5951 0.132919
5956 0.125923
5961 0.123301
5966 0.131244
5971 0.122090
5976 0.132195
5981 0.126567
5986 0.121283
5991 0.123852
5996 0.128586
6001 0.116314
6006 0.135698
6011 0.134919
6016 0.128158
6021 0.120910
6026 0.124793
6031 0.121373
6036 0.136017
6041 0.122496
6046 0.124049
6051 0.126425
6056 0.125661
6061 0.128032
6066 0.123145
6071 0.120573
6076 0.123601
6081 0.126459
6086 0.124712
6091 0.131013
6096 0.128609
6101 0.126045
6106 0.129053
6111 0.124366
6116 0.129496
6121 0.115341
6126 0.128469
6131 0.125591
6136 0.117177
6141 0.129458
6146 0.126424
6151 0.124858
6156 0.121345
6161 0.121571
6166 0.125203
6171 0.130611
6176 0.130019
6181 0.126517
6186 0.114452
6191 0.137296
6196 0.126533
6201 0.125302
6206 0.128263
6211 0.123491
6216 0.126448
6221 0.126507
6226 0.129939
6231 0.123094
6236 0.130853
6241 0.127864
6246 0.125040
6251 0.121900
6256 0.127717
6261 0.124421
6266 0.129907
6271 0.127571
6276 0.135118
6281 0.128642
6286 0.125358
6291 0.124940
6296 0.127065
6301 0.120298
6306 0.129876
6311 0.124544
6316 0.125396
6321 0.123240
6326 0.123301
6331 0.117833
6336 0.127052
6341 0.122063
6346 0.123385
6351 0.126594
6356 0.121617
6361 0.126552
6366 0.121898
6371 0.127139
6376 0.125471
6381 0.117223
6386 0.130285
6391 0.131122
6396 0.122420
6401 0.123574
6406 0.120668
6411 0.121198
6416 0.129988
6421 0.126927
6426 0.131341
6431 0.123620
6436 0.128030
6441 0.122341
6446 0.124108
6451 0.121377
6456 0.119269
6461 0.123820
6466 0.131457
6471 0.129037
6476 0.127857
6481 0.126832
6486 0.129047
6491 0.127561
6496 0.127001
6501 0.118289
6506 0.125423
6511 0.115190
6516 0.125844
6521 0.123601
6526 0.125651
6531 0.125861
6536 0.123164
6541 0.129491
6546 0.129545
6551 0.128988
6556 0.124466
6561 0.132297
6566 0.129607
6571 0.124486
6576 0.123479
6581 0.129008
6586 0.129213
6591 0.126081
6596 0.130988
6601 0.126193
6606 0.124130
6611 0.114204
6616 0.125756
6621 0.128833
6626 0.137036
6631 0.127733
6636 0.119048
6641 0.124379
6646 0.121727
6651 0.124493
6656 0.120793
6661 0.129860
6666 0.124212
6671 0.124119
6676 0.125824
6681 0.120341
6686 0.126832
6691 0.129726
6696 0.125747
6701 0.122668
6706 0.126007
6711 0.127254
6716 0.130137
6721 0.128701
6726 0.121469
6731 0.123013
6736 0.130344
6741 0.124611
6746 0.118292
6751 0.121315
6756 0.121522
6761 0.127792
6766 0.133018
6771 0.126126
6776 0.125885
6781 0.124760
6786 0.121869
6791 0.123693
6796 0.118746
6801 0.120423
6806 0.127535
6811 0.117457
6816 0.131015
6821 0.121390
6826 0.122180
6831 0.123554
6836 0.132826
6841 0.122643
6846 0.121239
6851 0.125967
6856 0.126750
6861 0.120828
6866 0.121031
6871 0.117887
6876 0.121291
6881 0.120186
6886 0.124601
6891 0.126107
6896 0.125145
6901 0.117809
6906 0.123516
6911 0.125597
6916 0.126663
6921 0.124115
6926 0.122148
6931 0.123936
6936 0.116061
6941 0.120588
6946 0.121653
6951 0.126888
6956 0.127803
6961 0.120672
6966 0.120299
6971 0.122794
6976 0.122563
6981 0.124481
6986 0.123676
6991 0.131884
6996 0.125357
7001 0.124125
7006 0.121753
7011 0.121238
7016 0.125998
7021 0.124626
7026 0.128380
7031 0.120040
7036 0.130045
7041 0.120295
7046 0.135680
7051 0.119132
7056 0.125425
7061 0.123779
7066 0.130909
7071 0.133503
7076 0.118711
7081 0.124982
7086 0.125600
7091 0.126357
7096 0.119222
7101 0.128292
7106 0.124683
7111 0.124596
7116 0.122962
7121 0.133408
7126 0.125596
7131 0.119478
7136 0.119535
7141 0.127853
7146 0.122166
7151 0.125017
7156 0.123533
7161 0.127915
7166 0.121965
7171 0.122995
7176 0.127090
7181 0.126863
7186 0.122599
7191 0.122236
7196 0.125069
7201 0.125816
7206 0.126978
7211 0.129108
7216 0.118071
7221 0.129345
7226 0.129117
7231 0.125156
7236 0.119127
7241 0.119321
7246 0.121446
7251 0.130051
7256 0.118936
7261 0.114585
7266 0.125929
7271 0.122542
7276 0.130154
7281 0.125395
7286 0.125446
7291 0.120971
7296 0.125959
7301 0.125051
7306 0.130714
7311 0.128847
7316 0.125888
7321 0.127442
7326 0.129129
7331 0.132451
7336 0.123909
7341 0.124370
7346 0.127552
7351 0.122296
7356 0.128874
7361 0.118462
7366 0.127885
7371 0.125763
7376 0.125407
7381 0.119631
7386 0.127539
7391 0.123258
7396 0.127772
7401 0.121740
7406 0.128274
7411 0.122521
7416 0.125539
7421 0.120738
7426 0.122004
7431 0.129458
7436 0.120360
7441 0.133047
7446 0.130540
7451 0.126023
7456 0.119501
7461 0.120091
7466 0.122690
7471 0.135457
7476 0.123997
7481 0.124449
7486 0.119022
7491 0.126018
7496 0.123399
7501 0.126516
7506 0.125366
7511 0.123952
7516 0.124933
7521 0.121925
7526 0.124236
7531 0.118975
7536 0.125796
7541 0.123326
7546 0.128677
7551 0.125944
7556 0.130625
7561 0.120619
7566 0.125297
7571 0.119931
7576 0.126188
7581 0.125313
7586 0.121276
7591 0.121723
7596 0.122959
7601 0.128404
7606 0.120431
7611 0.127579
7616 0.127363
7621 0.126361
7626 0.125623
7631 0.123575
7636 0.127292
7641 0.134930
7646 0.124771
7651 0.127565
7656 0.127090
7661 0.122047
7666 0.123924
7671 0.125407
7676 0.128322
7681 0.126546
7686 0.123341
7691 0.131322
7696 0.123571
7701 0.122062
7706 0.125876
7711 0.127869
7716 0.128434
7721 0.128869
7726 0.123867
7731 0.122882
7736 0.120088
7741 0.121561
7746 0.121869
7751 0.131596
7756 0.126225
7761 0.125628
7766 0.126062
7771 0.119290
7776 0.127829
7781 0.121064
7786 0.119317
7791 0.119240
7796 0.122242
7801 0.126779
7806 0.127338
7811 0.129945
7816 0.122441
7821 0.123641
7826 0.130846
7831 0.122973
7836 0.123150
7841 0.124857
7846 0.118022
7851 0.123551
7856 0.125127
7861 0.126574
7866 0.126621
7871 0.127303
7876 0.123032
7881 0.130948
7886 0.126300
7891 0.128247
7896 0.127026
7901 0.121630
7906 0.121047
7911 0.127923
7916 0.122663
7921 0.121954
7926 0.125789
7931 0.123944
7936 0.127268
7941 0.126558
7946 0.125346
7951 0.121494
7956 0.123303
7961 0.126617
7966 0.131936
7971 0.127713
7976 0.116098
7981 0.125548
7986 0.128600
7991 0.124265
7996 0.127064
8001 0.120985
8006 0.127404
8011 0.125328
8016 0.127620
8021 0.128662
8026 0.126838
8031 0.126136
8036 0.130662
8041 0.128342
8046 0.127020
8051 0.132903
8056 0.119290
8061 0.123930
8066 0.126209
8071 0.130839
8076 0.129643
8081 0.122881
8086 0.127133
8091 0.126190
8096 0.132535
8101 0.120232
8106 0.131508
8111 0.131057
8116 0.129744
8121 0.123876
8126 0.128107
8131 0.120403
8136 0.125246
8141 0.124555
8146 0.124724
8151 0.121826
8156 0.120647
8161 0.125842
8166 0.123316
8171 0.124220
8176 0.129525
8181 0.123579
8186 0.123992
8191 0.132218
8196 0.127135
8201 0.125107
8206 0.129539
8211 0.126781
8216 0.124635
8221 0.122978
8226 0.126550
8231 0.120641
8236 0.127489
8241 0.124135
8246 0.127698
8251 0.125076
8256 0.125969
8261 0.124198
8266 0.121824
8271 0.129609
8276 0.124819
8281 0.124743
8286 0.129616
8291 0.118562
8296 0.125964
8301 0.125768
8306 0.121478
8311 0.113584
8316 0.127826
8321 0.127028
8326 0.125150
8331 0.123034
8336 0.124880
8341 0.125884
8346 0.124850
8351 0.131122
8356 0.125060
8361 0.125463
8366 0.120488
8371 0.127822
8376 0.128104
8381 0.131011
8386 0.124255
8391 0.119771
8396 0.129347
8401 0.130580
8406 0.123483
8411 0.128165
8416 0.122029
8421 0.121245
8426 0.130430
8431 0.125133
8436 0.118540
8441 0.120483
8446 0.119465
8451 0.120104
8456 0.125000
8461 0.119135
8466 0.128632
8471 0.125959
8476 0.132256
8481 0.127579
8486 0.128683
8491 0.126134
8496 0.127589
8501 0.126220
8506 0.121679
8511 0.125955
8516 0.115430
8521 0.130032
8526 0.127375
8531 0.121088
8536 0.121368
8541 0.128205
8546 0.126258
8551 0.127237
8556 0.121435
8561 0.125336
8566 0.128765
8571 0.124840
8576 0.123951
8581 0.130055
8586 0.124505
8591 0.128157
8596 0.120289
8601 0.128241
8606 0.126191
8611 0.124027
8616 0.133357
8621 0.120984
8626 0.131579
8631 0.126868
8636 0.119963
8641 0.122324
8646 0.119477
8651 0.130390
8656 0.123383
8661 0.125505
8666 0.127971
8671 0.122593
8676 0.126902
8681 0.127520
8686 0.127562
8691 0.129559
8696 0.129600
8701 0.123319
8706 0.126924
8711 0.127884
8716 0.129876
8721 0.120972
8726 0.125602
8731 0.125759
8736 0.122940
8741 0.130534
8746 0.122342
8751 0.126728
8756 0.124486
8761 0.128068
8766 0.130961
8771 0.126097
8776 0.125000
8781 0.125043
8786 0.128955
8791 0.121943
8796 0.119145
8801 0.126804
8806 0.125937
8811 0.128930
8816 0.128516
8821 0.119374
8826 0.125651
8831 0.128751
8836 0.122680
8841 0.121932
8846 0.120733
8851 0.127556
8856 0.119015
8861 0.127977
8866 0.126889
8871 0.121745
8876 0.128662
8881 0.122284
8886 0.123678
8891 0.130019
8896 0.119267
8901 0.124705
8906 0.123288
8911 0.128717
8916 0.127524
8921 0.122296
8926 0.121891
8931 0.119360
8936 0.121979
8941 0.123141
8946 0.123519
8951 0.130041
8956 0.124386
8961 0.121192
8966 0.123466
8971 0.123955
8976 0.119095
8981 0.125042
8986 0.124416
8991 0.130575
8996 0.119609
9001 0.122320
9006 0.122363
9011 0.123516
9016 0.122449
9021 0.128035
9026 0.129072
9031 0.126675
9036 0.124391
9041 0.123659
9046 0.121711
9051 0.121755
9056 0.120473
9061 0.124269
9066 0.122877
9071 0.122919
9076 0.125055
9081 0.129391
9086 0.123927
9091 0.124849
9096 0.122801
9101 0.130425
9106 0.121568
9111 0.128416
9116 0.123629
9121 0.122245
9126 0.122507
9131 0.119593
9136 0.127846
9141 0.125479
9146 0.123551
9151 0.126762
9156 0.119157
9161 0.120511
9166 0.120991
9171 0.121470
9176 0.126635
9181 0.122862
9186 0.122360
9191 0.119029
9196 0.126033
9201 0.121943
9206 0.125462
9211 0.124091
9216 0.124132
9221 0.122546
9226 0.128550
9231 0.121005
9236 0.122780
9241 0.122498
9246 0.126866
9251 0.129824
9256 0.127485
9261 0.123313
9266 0.123030
9271 0.129544
9276 0.128935
9281 0.119060
9286 0.124596
9291 0.127005
9296 0.121450
9301 0.123965
9306 0.130131
9311 0.133713
9316 0.120545
9321 0.125630
9326 0.126957
9331 0.122924
9336 0.122751
9341 0.123648
9346 0.125936
9351 0.124799
9356 0.123023
9361 0.120393
9366 0.131113
9371 0.123359
9376 0.128733
9381 0.125253
9386 0.119327
9391 0.125120
9396 0.126117
9401 0.125306
9406 0.130023
9411 0.124748
9416 0.123088
9421 0.124615
9426 0.116592
9431 0.131693
9436 0.117953
9441 0.131342
9446 0.120686
9451 0.123267
9456 0.126586
9461 0.125357
9466 0.127720
9471 0.125119
9476 0.132651
9481 0.125831
9486 0.122391
9491 0.122643
9496 0.123210
9501 0.125355
9506 0.122765
9511 0.120913
9516 0.118642
9521 0.124672
9526 0.124921
9531 0.125695
9536 0.125315
9541 0.121790
9546 0.129793
9551 0.122081
9556 0.132378
9561 0.115469
9566 0.127012
9571 0.128722
9576 0.126149
9581 0.124204
9586 0.120905
9591 0.124492
9596 0.130054
9601 0.123737
9606 0.123152
9611 0.121215
9616 0.121984
9621 0.127845
9626 0.123624
9631 0.127816
9636 0.123599
9641 0.124987
9646 0.125648
9651 0.117708
9656 0.122722
9661 0.123279
9666 0.127561
9671 0.122428
9676 0.127429
9681 0.124884
9686 0.123787
9691 0.124342
9696 0.123969
9701 0.131533
9706 0.120750
9711 0.122335
9716 0.122684
9721 0.126633
9726 0.120913
9731 0.122187
9736 0.122124
9741 0.126065
9746 0.122922
9751 0.125013
9756 0.117671
9761 0.123553
9766 0.119599
9771 0.121073
9776 0.122852
9781 0.118291
9786 0.124157
9791 0.122562
9796 0.121070
9801 0.121212
9806 0.120436
9811 0.123025
9816 0.123676
9821 0.123104
9826 0.123855
9831 0.122877
9836 0.128711
9841 0.122549
9846 0.118830
9851 0.127297
9856 0.121144
9861 0.127370
9866 0.125684
9871 0.127140
9876 0.125557
9881 0.130452
9886 0.126037
9891 0.126984
9896 0.124697
9901 0.123422
9906 0.124066
9911 0.125719
9916 0.127975
9921 0.120452
9926 0.124219
9931 0.124761
9936 0.119163
9941 0.124032
9946 0.123869
9951 0.125214
9956 0.126557
9961 0.123984
9966 0.128236
9971 0.128573
9976 0.126203
9981 0.118225
9986 0.124675
9991 0.124312
9996 0.125050
