0.100000 1005.000000
0.200000 1010.025000
0.300000 1015.075125
0.400000 1020.150501
0.500000 1025.251253
0.600000 1030.377509
0.700000 1035.529397
0.800000 1040.707044
0.900000 1045.910579
1.000000 1051.140132
1.100000 1056.395833
1.200000 1061.677812
1.300000 1066.986201
1.400000 1072.321132
1.500000 1077.682738
1.600000 1083.071151
1.700000 1088.486507
1.800000 1093.928940
1.900000 1099.398584
2.000000 1104.895577
2.100000 1110.420055
2.200000 1115.972155
2.300000 1121.552016
2.400000 1127.159776
2.500000 1132.795575
2.600000 1138.459553
2.700000 1144.151851
2.800000 1149.872610
2.900000 1155.621973
3.000000 1161.400083
3.100000 1167.207083
3.200000 1173.043119
3.300000 1178.908334
3.400000 1184.802876
3.500000 1190.726890
3.600000 1196.680525
3.700000 1202.663927
3.800000 1208.677247
3.900000 1214.720633
4.000000 1220.794236
4.100000 1226.898208
4.200000 1233.032699
4.300000 1239.197862
4.400000 1245.393852
4.500000 1251.620821
4.600000 1257.878925
4.700000 1264.168319
4.800000 1270.489161
4.900000 1276.841607
5.000000 1283.225815
5.100000 1289.641944
5.200000 1296.090154
5.300000 1302.570604
5.400000 1309.083458
5.500000 1315.628875
5.600000 1322.207019
5.700000 1328.818054
5.800000 1335.462145
5.900000 1342.139455
6.000000 1348.850153
6.100000 1355.594403
6.200000 1362.372375
6.300000 1369.184237
6.400000 1376.030158
6.500000 1382.910309
6.600000 1389.824861
6.700000 1396.773985
6.800000 1403.757855
6.900000 1410.776644
7.000000 1417.830527
7.100000 1424.919680
7.200000 1432.044278
7.300000 1439.204500
7.400000 1446.400522
7.500000 1453.632525
7.600000 1460.900688
7.700000 1468.205191
7.800000 1475.546217
7.900000 1482.923948
8.000000 1490.338568
8.100000 1497.790261
8.200000 1505.279212
8.300000 1512.805608
8.400000 1520.369636
8.500000 1527.971484
8.600000 1535.611342
8.700000 1543.289398
8.800000 1551.005845
8.900000 1558.760875
9.000000 1566.554679
9.100000 1574.387452
9.200000 1582.259390
9.300000 1590.170687
9.400000 1598.121540
9.500000 1606.112148
9.600000 1614.142708
9.700000 1622.213422
9.800000 1630.324489
9.900000 1638.476112
10.000000 1646.668492
10.100000 1654.901835
